ID,CC_1,CC_2,CC_3,CC_4,CC_5,CC_6,CC_7,CC_8,CC_9,CC_10,CC_11,CC_12,CC_13,CC_14,CC_15,CC_16,CC_17,CC_18,CC_19,CC_20,CC_21,CC_22,CC_23,CC_24,CC_25,CC_26,CC_27,CC_28,CC_29,CC_30,CC_31,CC_32,CC_33,CC_34,CC_35,CC_36,CC_37,CC_38,CC_39,CC_40,CC_41,CC_42,CC_43,CC_44,CC_45,CC_46,CC_47,CC_48,CC_49,CC_50,CC_51,CC_52,CC_53,CC_54,CC_55,CC_56,CC_57,CC_58,CC_59,CC_60
s0470_re_0,0.09760573226290847,0.1756100206069937,0.19849708509866928,0.1689455392850494,0.15601824926794122,0.1828247113824351,0.10739690418211678,0.17563685906283735,0.0654429684128376,0.11065589202570786,0.10751514575763602,-0.041132858341726954,0.13974704509787014,-0.0333376494221407,-0.020981835018206097,0.08960761872369769,-0.11452384116590049,0.06411140155805234,-0.055053694357438385,-0.05718226273838671,0.07245837924206491,-0.14850229678526514,0.07199452807622976,-0.01836763016418998,-0.08308954976614233,0.10493962392908782,-0.08587759115703297,0.04336071243564191,0.014827249123168252,-0.044236532365467485,0.07842107553394563,-0.0653930915509477,0.039738525132274806,0.013979488887175017,-0.04359321752799915,0.052702938414087075,-0.042082673566909465,0.01854306080237006,0.0008747670344971066,-0.026166282641842994,0.03242043406584516,-0.03235556312909851,0.01594397647318875,0.0034951485291280565,-0.016988208498087732,0.02409150713003477,-0.018079915006925507,0.011278261721117082,0.0013877760044618051,-0.009618190066762245,0.014600273883995148,-0.012737624646607026,0.004190351133074209,0.0028441415373252473,-0.011031070311689815,0.010137623351244851,-0.010431770577721503,0.002810844363652746,-0.001487270753757987,-0.005131304030905126
s0470_re_1,0.14636504473136455,0.08787257643851354,0.31919364224336166,0.028604722990195768,0.3510522217050785,-0.04595090678111766,0.3835177769491914,-0.12802726123430386,0.34116238819662026,-0.0967340461331917,0.17019888394234486,-0.0061683404382807715,0.0325738720453192,0.036903442689010836,-0.055738033918532034,0.08110749350928541,-0.11261842906705653,0.047131961910897184,-0.05964838061397984,-0.014113222012211385,-0.03436249447941998,0.0010505122364028792,-0.03002241365022817,-0.002896115662597427,0.005754810220770261,-0.003132948111141666,0.0019563957798680053,0.00925065474808814,0.007280145672175591,-0.0031969021283232775,0.013745239447747214,-0.002521687997135357,0.0028650024109655044,-0.0021261515906305247,0.004251442736873073,-0.0072255202810528295,0.0004837777719177356,-0.0028842126500905067,-0.002349991287370003,-0.0009783931544539296,0.00099958379648497,0.0004101430516832915,-0.00023921661173151418,0.0031486569165239888,0.00031143907510581214,0.001674849004892811,0.00020724977970279965,0.0015314030341674826,-0.0008858097872689285,0.0005701674339092555,-0.0007166417490420768,-0.0006649110394224031,-0.0006637186117001448,-0.0009314057012547055,-0.0010357004882265654,-0.00033832430478589323,-0.00011121783832253105,-0.0001755291331833784,0.0006451792076599372,0.0003315280036961343
s0470_re_2,0.038895130392181496,-0.12442354414900354,0.08004019132384717,-0.21912187044186826,0.05525990999376304,-0.3395597522670205,0.051069265821420386,-0.431961006992208,0.04639209617041776,-0.36260220743618915,-0.013990515467402409,-0.15506146411747457,-0.02236207252595673,0.026217984666440965,0.017687632860662352,0.16455500731262188,0.01482371967511627,0.190479392699554,0.041507492277548824,0.09218065357032222,0.03273675507310105,0.023755862055366932,-0.03849424132178581,-0.029861596707625393,-0.055395895309170155,-0.06555937362679039,-0.04453566737467803,-0.03256482545950297,-0.021228991333314642,-0.003491162111734049,0.019961185034892474,0.01068419548804505,0.027625153084729497,0.020248983430388782,0.01936354457406685,0.00549644975967447,0.00920048056318938,-0.0032015721444479165,-0.003189514131257187,-0.005023477012981221,-0.005180681557429312,-0.004045108383488549,-0.0019519259378857066,-0.0007862492581304813,-0.0023016325171536824,0.0010594072326551448,-0.0020196506286197513,-0.001078994825267439,-0.0023614553955633565,-0.000926007243974996,-0.0015567879796513449,0.0012685321934183937,0.0010758976872353252,0.0020856722863428837,0.003394810118578488,0.003094900059919666,0.0022023460208007704,0.0016703026076553312,0.0008058974452961372,0.0001504249726048008
s0470_re_3,-0.10285673666014594,0.1640765221312416,-0.2192624431691711,0.0901578903633266,-0.28059678557557693,-0.012013128506813582,-0.2898541655996658,-0.13885257210918814,-0.21108087529671052,-0.17252762921616704,-0.12325378436254278,-0.07707871331274903,3.7605226698786835e-05,0.003732807706437349,0.12175122284345825,0.07488302769505983,0.11532426763758571,0.11943654816804551,0.07051935673496,0.05400527029480953,0.03146786071979389,-0.019475151797303598,-0.043947849402833326,-0.04621509653693832,-0.0665706545525028,-0.05710201417905713,-0.03048237290041912,-0.021827170992772888,-0.003442031665818302,0.016364706240001286,0.01914092536550714,0.02226589045772787,0.023735952822947545,0.01574042741245697,0.008519441102392592,0.0049333589544461156,-0.0018346023266763928,-0.005963188103932853,-0.004628981114694516,-0.004987599648374012,-0.0038380816191524586,-0.0005636784210049927,-0.0010526899070179023,-0.0014544559079265856,-0.000211353262957133,-0.001693610420777898,-0.0021284047761338104,-0.0014669856051772196,-0.0017194898108446933,-0.0003688537618734487,0.0014656800104902112,0.0021209353423189883,0.0031941300507709112,0.002910704230007974,0.002149898546036929,0.0017207730346849707,0.0010816823315505154,-0.0003842111747920605,-0.0005296367118057193,-0.0009460445900498594
s0470_re_4,-0.10141133210526736,0.16909632635233304,-0.21780448234838498,0.09128214834612276,-0.2768578882639413,-0.00906883328047621,-0.2831004873932644,-0.1390933959193888,-0.20047737791223566,-0.16985397195675192,-0.11809243652339828,-0.0728341804163488,0.0075017156594877,0.005393072641427088,0.12393550991748215,0.08042488125291271,0.10652022429180008,0.11641885773628567,0.06580825548523792,0.042673527598556665,0.02478813190851422,-0.023295231300546382,-0.05097193221088447,-0.04709780200319758,-0.05923922420372808,-0.05370875782883376,-0.02533240541724276,-0.0128572373331082,1.798815511385611e-05,0.0190742060715244,0.021163376627661212,0.018383449636277662,0.02040924824374251,0.014171197355142467,0.0046437661868330505,0.0017082973384650421,-0.0024093308108878103,-0.006547481960538025,-0.004547161168961888,-0.002619430585419154,-0.002579538940033567,-0.0003723639324538543,0.00045925237251119897,-0.0008858588830098436,-0.0008854232412438761,-0.0017547484357539208,-0.0028506804600511933,-0.0020128809801712552,-0.0007463997027910193,-8.419210203959986e-05,0.001686911985957708,0.002381189524245135,0.0026587928596026314,0.002522301021009202,0.0017192857817017017,0.0010872914646599542,0.0008543741700785021,-0.0004691243643763511,-0.000579130470487085,-0.0009239937433632239
s0470_re_5,-0.12421356710768289,0.1109163544185117,-0.24590403189522989,0.07291693833174748,-0.23888544164677575,0.07610532367210911,-0.12425900117237436,0.08983314734513398,0.07241703682192764,0.12413120064509979,0.15467149438506458,0.12565352016068412,0.09068146180860452,-0.020786994846721443,-0.017265935076507394,-0.13976368185676166,-0.12171057129024145,-0.09166564630197369,-0.0741889028068117,0.0012973132135329574,0.061579507129797297,0.07400073540605197,0.08915161354450776,0.07859378451920038,0.02035927846840112,-0.01825061959789468,-0.044462385197917814,-0.07207000525164833,-0.06137156671470032,-0.028565838815625723,-0.0017306859175514715,0.02867609751210597,0.04865635341395424,0.04244909208486451,0.0267006046565036,0.007146124047947716,-0.0159469811089608,-0.027774609984975128,-0.02809497851404904,-0.022209453174937763,-0.008603547074103676,0.0069360684169865894,0.015184131565351248,0.017470364336280905,0.015324604485870138,0.007303942707677505,-0.0010214280648903748,-0.006342012658891504,-0.009154836644643425,-0.008380634186224851,-0.004914213132845241,-0.001109941825602434,0.0021041466877630734,0.0037420130731452505,0.004116830794995893,0.004076554727130177,0.003010027097305169,0.001846979475162973,0.0016368239719100845,0.0008031865481600347
s0470_re_6,0.1088695734234281,0.18617044966610674,0.2139771439619542,0.17909635717464423,0.1730670973143527,0.18909246567500468,0.11929389050345258,0.14784426775991316,0.10409204001894459,0.07651744650179486,0.0639642247746097,0.053432151796196044,-0.004695856070303284,0.036712283860577025,-0.010570748524434738,-0.022828553717248384,0.0001750481220153874,-0.03610287756343816,-0.03149508325069173,-0.013342175080671436,-0.030705634322313526,-0.01692814703064958,-0.001658961467162169,-0.01285546258983182,0.001527507209900227,0.008661948057887382,-0.0014917880480274318,0.0076548410214871705,0.009132523104888579,0.00011691165537019662,0.004319800769683352,0.004216292553266001,-0.0015595704215760594,0.00013221035902404152,-0.0018499539085098944,-0.004260718793993347,-0.0012349303404278855,-0.0013751460048373034,-0.0019064867213469275,0.0001351044674118491,0.00044445302156595256,0.0007307435080842602,0.0019960736977376096,0.001490597157531169,0.0009975457015144835,0.0007448795366891404,0.0001952494449564462,0.000453271879887919,0.00014282538132055504,-0.0005820033192493042,-0.0007460752186672992,-0.000953341659986766,-0.0009708506607236311,-0.0006313017931371511,-0.00047076272778115164,-0.00037095505534154305,0.000199355787599167,0.0004003182218813475,0.0005529325936331806,0.0003126521963405523
s0470_re_7,0.012161442073096083,-0.15566996316915407,0.03522226279251326,-0.20991939958949513,0.06133851081522733,-0.24113712777015006,0.1370269270160228,-0.23348181283434663,0.2495585434422215,-0.1410329646199485,0.28345879538966895,0.012061583057221402,0.1999552798438656,0.0872224368639225,0.063366294503442,0.03700384658709915,-0.09530340988661389,-0.0154396093517728,-0.19560571399027785,-0.034524839750002555,-0.13357090920075884,-0.023993245342820328,-0.0035708976465230443,0.0510839752837967,0.05833420791851226,0.0990666845379073,0.06609880922231051,0.04730967704406914,0.0226145248114186,-0.02545477154115461,-0.048493178130527136,-0.0549381243743992,-0.059197931941005484,-0.04678080491070521,-0.005778241375010478,0.004250466827270313,0.03531125265917511,0.039961876426677985,0.040161606093501584,0.025582493264811285,0.016394800026009584,-0.009391098544452239,-0.017713301647491905,-0.025845991817720185,-0.026676866272909973,-0.019585492063917714,-0.008306208949635673,0.0011200332210104956,0.009594031738621006,0.016693568025639795,0.014005283048252697,0.012497993140122135,0.0050849097222217515,-0.0006582070979218027,-0.006212364332688351,-0.008015702968122478,-0.010169067922523738,-0.007588114133668814,-0.0055613121441317245,-0.00273495641622522
s0470_re_8,-0.0024000689937181906,-0.03531981454604583,-0.029599221725213707,-0.08523898485679388,-0.11971281463483015,-0.12305967502438118,-0.207946887454411,-0.17083893827282332,-0.2029572364181524,-0.1779100278418301,-0.1351461552625866,-0.0816926791031753,-0.05790261608229831,0.051177930204247976,0.0508631823238726,0.09115119217839111,0.13068078673984307,0.09347356540704976,0.09456561475894297,0.0789862957295385,0.023444377702935754,0.006106082120773011,-0.019993980051808927,-0.057153207461170946,-0.054016945961100835,-0.05466784889219157,-0.054589545046613924,-0.028049456487086205,-0.011360997118319362,-0.00014575508384361924,0.017697156710691008,0.021191710557606627,0.02090722496806537,0.022862546775968887,0.015279281135630445,0.007958670437826163,0.004189400828071838,-0.002353313770573043,-0.00518868932429339,-0.004671401628552071,-0.0053600603616902305,-0.0033585090843016013,-0.001582095644503888,-0.0019440568526321931,-0.0006167896722974612,-0.0006145584869416661,-0.0018122510988304395,-0.001556005603699307,-0.0018133305469711213,-0.0013491390667603497,0.00023139033428820423,0.0011660822412692196,0.002178003779760701,0.002900428593766691,0.0030814084118513624,0.0027316993766921707,0.0021382730171208906,0.001249591412569411,0.00042837349755098307,-0.00013114778067236637
s0470_re_9,0.004880905425287306,0.38468347255667434,0.018154618487347486,0.35364263252115874,0.01439457057431669,0.30857632273361907,0.038459887418939076,0.19061079805797188,0.08873324882056144,0.08219743294449038,0.07002416719091097,0.04014235739789567,0.03836612672501476,-0.019998027711399535,0.04467119876463649,-0.041906804498127184,-0.01114434518255537,-0.007363902839350207,-0.04368940250879151,-0.026633893227603657,-0.012981293813564459,-0.027825861307137895,-0.014743422217591822,0.00419777883256497,-0.008386921135825747,0.0017343766706543568,0.012512836399251204,-0.00038929905818152537,0.00331512915947887,0.010193143501645137,0.0021295517050734206,0.0010787409692775722,0.004258606086792282,-0.0004871246988456412,-0.0022011538891078966,-0.0002566070082999753,-0.00326637813756653,-0.0039054232185188765,-0.00027762723266606975,-0.0006688136712032067,-0.0011605827802204207,0.001633293768411057,0.0015967855924822938,0.0006890225579020375,0.0016886598669144611,0.0010353281587429635,0.0005495372948610311,0.0010012017915889697,-0.00013450302276827786,-0.000489576625012988,-0.0002984249030490657,-0.0009863028193305672,-0.0008956554776555475,-0.0007579702888603142,-0.00088718132651836,-0.0002371666212501004,5.017312964782626e-05,-0.00013181090430264633,0.00017469113157554924,9.850624413070748e-05
s0470_re_10,0.04091828885870748,-0.1256058397045174,0.08433795388060628,-0.22519904265580937,0.059205685135095366,-0.34452531268167014,0.06044176234694567,-0.4398604733929583,0.05267430560441732,-0.35689341256911683,-0.011544446444222263,-0.14010419560105644,-0.014660790756558115,0.03902790213036908,0.020843167896805893,0.17650982790112021,0.011603560322987424,0.1831962830346535,0.04515601761536971,0.07917310412778698,0.021863134821445043,0.019903918280709587,-0.04730430707894005,-0.03948379590774613,-0.05305167093565572,-0.06297669329313504,-0.04362181398487771,-0.024926844784984827,-0.013560725947055418,-0.00010709012105296396,0.026334328833169905,0.013528459226400991,0.025704248911442667,0.017684850766039747,0.0166307215070545,0.002898473912700146,0.006063316231375807,-0.005313284438396515,-0.00522547652977356,-0.004856135471086071,-0.003250531719574872,-0.0034229268335069164,-0.0015484278821375974,0.0008866340913455246,-0.0018440202334595631,0.0009748468813407279,-0.0018684868940209163,-0.001672124220929015,-0.002870373522385594,-0.0005710169239790742,-0.001276649189047173,0.0009368950814098168,0.0020907015331973157,0.00271393146710285,0.0027756517873722,0.0027355625155905242,0.0018263573479638804,0.0012105096393368537,0.000992531237003847,-0.00022748743140151234
s0470_re_11,-0.10057035770258069,0.15767157158439077,-0.21394357343467524,0.08163582763411462,-0.274824860345171,-0.015879116245049587,-0.2852498591774036,-0.1416234977785081,-0.2051297243009705,-0.17063504815474925,-0.12135202844125564,-0.06837477131546954,0.003937474147542226,0.008418857010200181,0.12578431304758647,0.07856031530082093,0.10910353354248446,0.11798313629875615,0.0672144487815489,0.04372637720405836,0.023989404624650226,-0.023262089267846797,-0.04659850139552433,-0.04703292721245632,-0.06284997953984639,-0.05387428707599271,-0.026107271356130567,-0.01546858313821407,-0.0013150316469461988,0.01884353387428928,0.021725389918574686,0.019900423712488,0.021365393354159604,0.013706934149110101,0.0057721814111076405,0.0029328381138802335,-0.0025441506524301496,-0.006242813525752284,-0.00412748351272062,-0.003496748524001996,-0.004029741444560452,-0.0003302738722955923,0.00013284960961733606,-0.001385477727736726,-0.00026969588513070156,-0.001591316302501014,-0.0026747053274789575,-0.0018612741521934675,-0.0011902503926295013,2.5224544031463934e-06,0.0016787916541326703,0.002623885062153351,0.0028538698259614457,0.0026483512566873946,0.0019561965264726,0.0008354298525138841,0.0005496419211210251,-0.0001712517475238441,-0.000689818525803684,-0.001060311464342424
s0470_re_12,-0.10164776910208051,0.15557434261890776,-0.217723517296732,0.08198824582238451,-0.27660682674484327,-0.013705565381789622,-0.29005008578330876,-0.13801876379237954,-0.21299663153758303,-0.17201549436997482,-0.12432045656751466,-0.08056083361308211,-0.0035505860306005873,0.006460912736763929,0.12023234320098057,0.07292949808088059,0.11920393065710533,0.1188505397928769,0.06929417148432766,0.056415469231783096,0.03164587363968843,-0.020465872062507464,-0.040704648650237665,-0.04522314501227796,-0.06648839745704763,-0.05568874668056912,-0.03207478258622615,-0.024308640157818934,-0.004273702344556339,0.016987441466868435,0.018485846775058618,0.02116322452031317,0.024534427340510513,0.01623311714177518,0.009042495050062167,0.005476397642357678,-0.001896681528867131,-0.005439389798348027,-0.004072830952151043,-0.005024826042991642,-0.004253216754198628,-0.001416213987941334,-0.001392055430858149,-0.001150606956251486,-7.30367494680555e-05,-0.0017014450838329805,-0.002334919523242567,-0.0012540082236960589,-0.0012395042892715108,-0.0007229573742515428,0.0011651587956417752,0.0023233789583458,0.0031032257018424134,0.0032058530796239453,0.0023827749982472013,0.0015173404193373264,0.0010867966894566666,-0.00033785446532009545,-0.0004538783625932278,-0.0005500588557542345
s0470_re_13,-0.10192284305367583,0.1602646388781004,-0.2186785684584228,0.08881403455777646,-0.2778643976148834,-0.0071199058100799755,-0.2899653401398605,-0.1340214271839613,-0.21293622462773426,-0.17268291264430902,-0.1265636914957706,-0.08126603226536208,-0.007576647898064256,0.00031905577255908317,0.1187297944457185,0.07183129207119696,0.11811661313893865,0.11930528659460407,0.07075702609045832,0.058789151449357036,0.03538563081636169,-0.016518574763764556,-0.03857423379627168,-0.04340781792721992,-0.06632034062462487,-0.05740393645502847,-0.03379574147059062,-0.02645447472649566,-0.006493594504829241,0.014343013074543831,0.017692682920047626,0.021958463492007033,0.024697068247580577,0.016853908899924934,0.009731253636010984,0.006414293850685162,-0.0010685691394619415,-0.005239496721225238,-0.003890709514668123,-0.005564025976099564,-0.004668223078822452,-0.0009730300362991875,-0.0009808740351719275,-0.0011118363094562598,-0.0003069159999324224,-0.0012741146046053062,-0.002216312920139848,-0.002043696964657904,-0.0014375207918709966,-0.0003824857174168959,0.0007497835201112632,0.0014417851678717032,0.003142722099491655,0.0034389807258055874,0.0023838866674825783,0.001813601269176784,0.0016484833289049368,0.00028421956759300585,-0.00019159267900290436,-0.0007020412807708022
s0470_re_14,-0.10047708258252658,0.16371744293551646,-0.21796132695415052,0.08852083514176294,-0.27970697318172955,-0.014436263560666254,-0.2900875236051648,-0.14122448866806542,-0.21288907648623573,-0.1710385058356563,-0.1240877471955256,-0.07681752366964113,0.002803882011073745,0.003712420553913527,0.12491136126175083,0.0792330908010257,0.11324084482761215,0.12026311888885635,0.06998888396933067,0.04815593818718198,0.027859954025208467,-0.021022896467821767,-0.04848024762725978,-0.047697783315556366,-0.06310710106095438,-0.056065494649211206,-0.028461085560002996,-0.017218529768290258,-0.002389344778552171,0.01759890047777455,0.021444077769719596,0.02065091928798785,0.02209583208362451,0.015448121538002122,0.006444385447437969,0.0031059640012164203,-0.001683596790519573,-0.005651585190867119,-0.0041126554507586776,-0.004354604216492944,-0.004001951688215925,-0.0008202218901349535,-0.0004759758819114657,-0.0011486302443608556,-0.001040551295938257,-0.001845957786496692,-0.0022520318824651876,-0.0016555582414631426,-0.0011667896703670625,-0.000233489143151601,0.002076266785225497,0.0027432687207322786,0.0027895610996116456,0.0027358074553948883,0.0021319315912205375,0.0009640738153081411,0.0006845212040415251,-0.00039245577227801806,-0.0007425045665516497,-0.0012346496989098905
s0470_re_15,-0.12650849011001344,0.11300528667752807,-0.2514534081312691,0.07642582566490676,-0.24530751247331517,0.07710642948113505,-0.1343101558292517,0.09133060134075542,0.0621311603280005,0.12682988908868142,0.15695480649012933,0.13323152384365922,0.1016076888268153,-0.006932352740399596,-0.005979635151608386,-0.13862616008506953,-0.11637892575610136,-0.10325707795752224,-0.08956792676713214,-0.012980961054310217,0.04744636557287234,0.06930490869912405,0.09131583609031846,0.08886611184871115,0.036619303301937564,-0.002059397623612559,-0.03445398962017869,-0.07073180660844634,-0.06808907490783893,-0.0422450050812137,-0.016955465089473074,0.018177485649646018,0.04455963470548319,0.04556108400784527,0.03644264757077058,0.01972258995573162,-0.005693310445398926,-0.023143202413558984,-0.02899601891109044,-0.028706595952161632,-0.01739089982548042,-0.0011662378071186676,0.010185484452730188,0.01750099400296027,0.018974295251111176,0.01289867365003041,0.00471560271605139,-0.0023736138765514314,-0.008794182454455334,-0.0102070975646011,-0.0073778991196689885,-0.004255572890303878,-0.0005920906582078942,0.0029375712633243163,0.004206040986923236,0.004640049431438599,0.004117916806018177,0.003146105054945804,0.002399350682643633,0.0015247678861008002
s0470_re_16,-0.02483823680306811,-0.087963267865718,-0.061930666995377144,-0.09894130264777384,-0.09354491229989718,-0.02886668944340285,-0.037396815184123966,0.06746822023967267,0.11071085375827988,0.14160449514542223,0.1436832069149404,0.1353335461634934,0.012451702510868794,-0.016809374117466084,-0.09238992672424871,-0.14908011145571018,-0.10319959277951214,-0.0699757581787986,-0.025275305323418356,0.05650672843979665,0.08758894717017324,0.08436557918769114,0.07840399360906833,0.028517153249580512,-0.02733293859138712,-0.05373128279972102,-0.07055764053545889,-0.06175598229224482,-0.02172820231834943,0.014097053049735494,0.036707194652021144,0.04992132475620197,0.04048360643480818,0.01619347747666171,-0.0059917761055460145,-0.024108482589461782,-0.03211970541092634,-0.02545341593898691,-0.012900416535547087,0.0022707600744451355,0.015335151093728183,0.01900028225925328,0.016033642999555522,0.008650349569323566,-0.0008495206348695089,-0.007408951959084614,-0.010122252723188967,-0.008858692471618449,-0.0043056559778166924,-0.0009217446540148133,0.0023360006410283133,0.004122440860471479,0.004003629023263035,0.0031486903709652164,0.0027874995367388315,0.001185928756446328,0.0003271445748300933,-0.0010809649029717887,-0.0013379424873098597,-0.002121572016201343
s0470_re_17,0.11421481508805076,0.1905880183543545,0.22447473034801324,0.18836796802378794,0.16525702020743038,0.1943517744439294,0.11356731361254299,0.12471063157510326,0.09939492549822354,0.06361595114793564,0.023262291595541443,0.05688058385238849,-0.012615252024941622,-0.009920485943348881,0.006299501137214493,-0.03708002696011244,-0.03551686550671973,-0.015988593426216613,-0.03151741519725644,-0.022347171641024777,-0.0005683536828821372,-0.007509796316602646,-0.002862385812672458,0.009537235087256344,0.0038671870202080854,0.00282744251245075,0.008167794084303152,0.004613112168065364,0.000703055164817819,0.0023545383056004245,-0.00027473555415489425,-0.0036618748763035773,-0.001733142420617892,-0.0018349661706215977,-0.002759644438983906,-2.5195460277145992e-05,0.0005724260318089338,-0.0001991549465932735,0.0017916104128923983,0.0019330080095101225,0.0008513758383100578,0.0013651548557810696,0.0007955673526577959,-0.00021295909311105698,-0.000204646457588979,-0.0007434388599229287,-0.0008275684442053977,-0.0007833903606295958,-0.0006996027015870667,-0.00024142878339733113,-1.9558000310225148e-05,7.15172235065995e-06,0.0001918257006176576,0.00012745814397745398,0.0001972395168226204,0.00026928813246084396,0.0003594394466615957,0.00011262968296860834,0.00019167539257891435,-0.00016104888615699005
s0470_re_18,0.14616512191410647,0.09800547855712309,0.31997969199995646,0.03966777022777964,0.34745864693584555,-0.037680015786264925,0.3783422128486832,-0.12010789025481852,0.33366702953764776,-0.08699310712928643,0.15901630141737885,0.002841164203172197,0.025736274536221033,0.036819822290715634,-0.06386520374179737,0.07714612527661999,-0.11035141159934272,0.03950223783511307,-0.05330094672570549,-0.01783145206183774,-0.035762771843994026,0.0030883940225046383,-0.023621422716467003,-0.003938013266783568,0.009005356782634056,-0.0006982427897509068,0.0015950285270959106,0.007808223520359554,0.009642556857215769,-0.004287129765052939,0.011896314612771052,-0.0015955286699943449,0.0017732977772129711,-0.004339434557765894,0.0030373707958036926,-0.00640942787219306,-0.00015757410795153137,-0.0018766660336163685,-0.0016575383086741607,-0.0008363868402992722,0.0009231724022036482,0.001592057251908082,-0.0002989504017258588,0.0032887620903419056,-6.159035787915582e-05,0.0015916915610242174,0.00028737387581172805,0.0007479883898273039,-0.0008412717745884247,0.00032895893209714753,-0.0014858224035213358,-0.000852218313433111,-0.0003160957454995145,-0.0007248111315054429,-0.0008323129832627864,2.5334449784319803e-05,0.00028438234328706145,8.286554247384841e-06,0.00036216691118337856,0.0003852452211516155
s0470_re_19,0.03749278190937848,-0.12240490213029961,0.07768751617125552,-0.21413787114483,0.05534699091000819,-0.3299632185802513,0.05046966490098588,-0.4283251793869412,0.04496091073343107,-0.37213279427473833,-0.005945203951990804,-0.17464895494552032,-0.022391348142932775,0.010598918731298241,0.01742205630521706,0.1494739266610345,0.016854914444349122,0.1966987060299188,0.03420443532862484,0.1085639347690988,0.04321082859965934,0.027944806793163985,-0.027777814065309183,-0.01922844516788516,-0.05820171450684139,-0.06328306375467654,-0.04731364904221693,-0.0425447346364481,-0.029798143058056763,-0.00695150291935358,0.011524984298235884,0.008957586200863205,0.030026377757068158,0.018821563607612345,0.020834549629308956,0.012605958760137077,0.012133325541265541,-0.0029528931202341784,0.0007696387382903768,-0.004838750826976345,-0.006004364552437221,-0.004742719089852,-0.0029086876568650668,-0.0025716329400888114,-0.001653496098108431,0.0007985088945489016,-0.0027998099986021796,-0.00039513888333592536,-0.0019277673093911598,-0.001443680559960399,-0.0018705898503579644,0.0005036876488666044,0.0001622832246432793,0.0024997249224742667,0.002649344017642155,0.0027686541893391283,0.0031084128112267035,0.0024398072716841743,0.00132049314897018,0.0009293524252642655
s0470_re_20,-0.1186871540061096,0.1083523903442507,-0.23779369993609245,0.07482328312744167,-0.2358266178190478,0.07204050928313478,-0.15375808157594226,0.0834761219272083,0.013095904549948585,0.1095674373424438,0.13482374337218517,0.1341207531259008,0.12439053675730921,0.058647255522792006,0.04183451100575645,-0.0888343121763728,-0.0649876811339735,-0.13133074231859987,-0.11902673107808283,-0.05799826360663798,-0.03552044411961271,0.01947003995826164,0.07559000257792403,0.0782484823897054,0.07802653020960545,0.06900467827311035,0.016635527520744313,-0.017203874717947508,-0.04104853754380868,-0.06901780075868741,-0.059495743055279174,-0.03539994789110503,-0.015142213105433256,0.01867560661240104,0.04171844185984601,0.04214145324030731,0.03687749092138015,0.02230792628501404,0.00011460944622363668,-0.01632391145530863,-0.026111594230869794,-0.0288441297252558,-0.021341007326522863,-0.009642775795830097,0.0012994188857411051,0.01211575792442585,0.016818764395823225,0.016155670726533053,0.011982266969527264,0.003697948191659719,-0.0037580749409117575,-0.007580666125402606,-0.010032876973975282,-0.008523040086448613,-0.0055081042749154634,-0.0022444915428215507,0.0002630398641590072,0.002871755126272336,0.002174458911145347,0.0025690438618583126
s0470_re_21,0.0011026256241212706,-0.03396814811912582,-0.021983674420749697,-0.08142476871596556,-0.11512594896738813,-0.1204855956145916,-0.19853325809900274,-0.16550862785844006,-0.19291283844630844,-0.17140249327283305,-0.12668246104190264,-0.06950018202773166,-0.051744119058101445,0.05305939069871523,0.05522576607683784,0.08470219785586611,0.124668305668297,0.08849741751394129,0.08441324046061983,0.07330614012135242,0.01868418493520973,-0.0006594051227093907,-0.022987192440959738,-0.058432695623746894,-0.053008142639303986,-0.04886185706354598,-0.04746350032383718,-0.022468176100397842,-0.005256120240848126,0.0028927860129957525,0.017723563361156283,0.022231644604381134,0.019106807044637436,0.018879827016613823,0.01166131615295598,0.004937723285829152,0.0017144989212757144,-0.003979115917618242,-0.004909345341920062,-0.004041411751442502,-0.004379777958424521,-0.0016835301119844121,0.00015990692706882017,-0.0005218169243921922,-0.0007359142913395481,-0.000718808924190286,-0.0016260231087892529,-0.002150441242358286,-0.002059647062892906,-0.001464163621930194,0.00021953094736316028,0.0013651646550835415,0.002047771089112777,0.0026358359450191107,0.002801560125238119,0.0023486410717455434,0.001608556195856772,0.000715584090759548,0.0003668815537940111,-0.0004496972914228994
s0470_re_22,-0.09445990149697826,0.14869761389996375,-0.20188844643698378,0.080379566513644,-0.2581590947755764,-0.006481983906170267,-0.2786906931981464,-0.11913973383111084,-0.21687242048726862,-0.17376114701415776,-0.13556794172985598,-0.1008848745499628,-0.03759511713539671,-0.010130623313530596,0.0909215625387531,0.04886769193122428,0.1269103238723189,0.10888581942977807,0.07999511194937664,0.0865352843071137,0.047022108028379264,0.004753200792379947,-0.006550020094884696,-0.03642536716284668,-0.06276646481581835,-0.050046460431792936,-0.0500260766816302,-0.044805142663619194,-0.01642735353503865,-0.0035289496065387606,0.0043022340409586725,0.021312355332543973,0.022867876699079484,0.017977199907221127,0.019820439544019186,0.012753706784561603,0.004293970074211041,0.002251645226374238,-0.002894859655294696,-0.005693927786409507,-0.0035680117549433746,-0.004200682295949311,-0.0037391813022446593,-0.0009596344852311015,-0.0007928256747575392,-0.0010538430532033149,-0.00044359146394377214,-0.0017659138914358878,-0.002526726009985403,-0.0012794009217996299,-0.0012111182857085002,-0.0002774212288275886,0.0017562929304265364,0.002282847562282649,0.002663040417748747,0.003054223297569036,0.002307718565453605,0.00205710046268313,0.0012037448089188163,0.00033746176082352836
s0470_re_23,-0.09558849777988015,0.15686311108235773,-0.20456503257750036,0.09195402316910835,-0.25634466854245574,0.00403192747756788,-0.2788538978146228,-0.10628063152240999,-0.2200549447545831,-0.16846540063409537,-0.14167381374481863,-0.1116594594061828,-0.05218255996912926,-0.02221417150410836,0.07320173668502701,0.036270716342149824,0.1269802761005432,0.10069105409023504,0.08630679610152009,0.0984292778397322,0.05597114677573181,0.020727232369310476,0.00905059692175199,-0.028661519405153667,-0.054567234627857286,-0.04692194768167911,-0.05745511794316725,-0.0506027598722832,-0.02429104283928333,-0.016036300812670785,-0.001880885162084959,0.015705244575597504,0.017378897845125238,0.021044804238544216,0.02354159507550042,0.01440753702645393,0.009151945264306372,0.006685004223632743,-0.00034154005999079265,-0.0036145818360038,-0.0037140722322306823,-0.005507990263815211,-0.004554497806245447,-0.0017723849311452103,-0.0014841894739489269,-0.0009572060514523833,-0.00046992665248735827,-0.0011949261646688177,-0.0015275071371197969,-0.0020910168940961203,-0.0023372482853309777,-0.0008756896872600466,-0.0002601179921850329,0.0006389135200611166,0.0021416916593189673,0.002796573489565312,0.0024605991882404124,0.0027769790386012842,0.0018025515690151053,0.0010729608093154334
s0470_re_24,0.0021205426379468212,0.37561546957491987,0.013886394464615677,0.34754072133268454,0.010997457460769187,0.3015713368636207,0.037445165424657804,0.1885503951868158,0.08429473758165537,0.08177217301457976,0.06957520995393805,0.04100265766590524,0.03930740513170601,-0.018058554015255506,0.04470098651534996,-0.04096481695331513,-0.007385923292334273,-0.008384016785401934,-0.04361870560940985,-0.026017383333732734,-0.0131925436497458,-0.02788992708262831,-0.014790433166081928,0.002912618755583575,-0.008841089420022421,0.0010196575965100072,0.010627689771130365,-0.001021914704254899,0.0039367707605001715,0.010587031306903387,0.001868646266109251,0.0020582163707471117,0.004626322389876867,-0.0007109140424125257,-0.0015173240293514,0.0004143939248031135,-0.0030474918417536466,-0.003328891429155683,-0.00015758800948735403,-0.001265943942554671,-0.0014814811475421124,0.0004131050289654577,0.0006569250557871649,0.0013519881420092118,0.002268463189785821,0.0012725369425143087,0.0005169337935730996,0.0008043763765463337,-0.00011946352616987228,-0.0002471639949800314,9.854351922333603e-06,-0.0006862153483156169,-0.0005722051634337751,-0.0008638853916084451,-0.0012046731939337378,-0.0005003758994355473,-0.00036918743862789495,-0.0003417557812893193,0.00010591975815226521,9.87236720721713e-05
s0470_re_25,0.03965130923065802,-0.12157554698901515,0.08166197972125129,-0.21670012374038108,0.05900959998501156,-0.3338279921939372,0.05503707089095032,-0.42982801113879726,0.0477736893231978,-0.3578954886374879,-0.01597381294685667,-0.14761948284600931,-0.01835107543867363,0.027937468521100864,0.016903027808825674,0.16499117707842997,0.010562426162126456,0.18578844092713598,0.042957485199443826,0.08541002476611513,0.030553703764417357,0.02508442692353243,-0.040089354699170736,-0.03150833855979267,-0.05239897313183356,-0.06354480200966547,-0.04483801967435249,-0.029907887223337676,-0.018361954194466533,-0.0025368110620799583,0.022444714547415166,0.01048423979172509,0.025656722717819384,0.01864707995020013,0.017141764737022502,0.004027475844934349,0.008775814594731398,-0.003534368193238227,-0.003914039036256083,-0.00496367146610835,-0.0037591379992728993,-0.003538922992043209,-0.0017015681563278774,0.0007589501051128351,-0.002275826606870002,0.0007037447411395519,-0.0016576090804331508,-0.001422459475297368,-0.0026031759273326543,-0.0008905536571425019,-0.0021528689352104556,0.0009784110248263875,0.0012119053273784827,0.002138919425485488,0.003302668126364769,0.00286985486760151,0.0018863211425338452,0.001945945186137177,0.0008913341425459409,-0.0003951152539253355
s0470_re_26,-0.09966071035000458,0.15662455308848838,-0.21339565765918356,0.08174947890496505,-0.27462497995291624,-0.013803907708712738,-0.287513019925273,-0.13726979070518555,-0.2125331041558188,-0.1735765613426984,-0.12528525999289106,-0.076727469401538,-0.0018437133933900827,0.00500895579227189,0.12223102972180382,0.07430992627293673,0.11705110218589972,0.12092293009282395,0.06991682973967973,0.05373387851197181,0.030772410742932337,-0.019782323092213457,-0.04285387238019665,-0.04668789705436136,-0.06631558642881419,-0.05656121109824456,-0.03104941203171336,-0.02303013540753414,-0.003935421555306172,0.017293805533845498,0.01867434766918186,0.021797319572268263,0.025312117339786507,0.015944777481147105,0.008094181693997345,0.005469288288924174,-0.001459352016948344,-0.006069012193243078,-0.004633213122385944,-0.0050280861401115675,-0.004305663132669622,-0.0012933112762509873,-0.0011928513628802514,-0.0010256043688264918,-0.00018395691467772084,-0.0015193484818293143,-0.0022004117269695104,-0.00149769471367278,-0.0014436587412683765,-0.0006417150625837773,0.001743229026006116,0.002429018669830459,0.0027723937104489806,0.003137979184816806,0.002414267814075686,0.0015659591362599155,0.001202736578657906,-0.0003233203307892482,-0.0005344031332840418,-0.0005279218530659334
s0470_re_27,-0.12681026319324534,0.10874816940534844,-0.25357246106093884,0.0731574499993361,-0.24566963751642437,0.07454075972265338,-0.13141693920277916,0.0929454345123232,0.06713331949654387,0.13093362304287934,0.15587129988744955,0.13661683648183515,0.10145555950431523,-0.01074407526068966,-0.01220160933831991,-0.14278179289476983,-0.12062345842753432,-0.10042560284263007,-0.08580940026448768,-0.008294911130133403,0.05319885859248993,0.07277874768177414,0.09247005354305797,0.08592227482435287,0.03312781843410102,-0.007875417987875288,-0.04027502393431095,-0.07222997638358473,-0.06681268470440611,-0.038708172032606174,-0.01200027540707935,0.0228168137049146,0.047372247335270165,0.045440816687685334,0.033389819754637555,0.015963998034524578,-0.00942985397997398,-0.026429215283211512,-0.028858992197147014,-0.026007962380097595,-0.015453005869315235,0.0009167219619153319,0.01243399099459187,0.01852306527576704,0.01805036063163364,0.010891087005651794,0.0032224182960434392,-0.0036415721301042295,-0.009167573261965486,-0.009801383391010235,-0.006949488437663212,-0.003503818141434309,0.00041668107051229106,0.0034230163440241946,0.004010231085930652,0.004554143651330779,0.004182953358992747,0.003030000228038383,0.0018603455760871875,0.0013510282883028074
s0470_re_28,0.0004496995522370089,-0.041686952165555145,-0.027976490769630533,-0.0947056068130211,-0.1390280836835018,-0.13715351100542497,-0.22272828460916833,-0.18714098532602252,-0.18810919009404486,-0.16125620861184423,-0.11232658380562402,-0.01604973962736444,-0.012046475924765801,0.08575442028252629,0.11213223156222876,0.092985039618117,0.12237110289690797,0.09542224718567903,0.04219802423765692,0.02799009350347483,-0.009523340238670935,-0.052254094432061235,-0.052449159045749545,-0.05867484940662492,-0.057464338473799864,-0.02921954896776147,-0.010668151623583918,0.0017336526517605791,0.01897070962941733,0.024434263099100816,0.020902956192256218,0.019515436806624833,0.012698829888317727,0.00361031338042734,0.00011117012511381148,-0.0038285173108543917,-0.006811262170668543,-0.004145550185024003,-0.002340599535575826,-0.0021494652202224337,-0.0005212720682661298,-0.00026406665571235727,-0.0011313706483923863,-0.0017684010692339339,-0.0024239063197309496,-0.0020561917758988215,-0.0010601703597795584,-0.0004254343332618472,0.001290486061249223,0.0027881205706623536,0.0028429649202745895,0.0023415294891390667,0.0015572251847963136,0.0007996209019885015,8.615827514854025e-05,-0.00101498987722566,-0.0013920452847505313,-0.0015087299765964618,-0.0010918989068690458,-0.0008514338702648244
s0470_re_29,-0.09929595621119089,0.15514798309037447,-0.21279051590074297,0.08321555214467302,-0.273287961064037,-0.014704899241936353,-0.2843785624301262,-0.14065426961413882,-0.20529819035216842,-0.16983991392156533,-0.11735466855199977,-0.0693028336743368,0.00361416687720651,0.00951136823344614,0.12665888230734834,0.07815672181985214,0.11189146425656461,0.1183753650270486,0.06389851486766603,0.04383861272386539,0.024492651761284213,-0.025837270530123517,-0.048559293891475896,-0.046623474246856415,-0.06332183065533425,-0.05407894691284886,-0.025491676776373658,-0.014921261381204629,0.00018362766471301711,0.020091941177026396,0.02145216283015408,0.02035129424531066,0.02183646432724697,0.013662983532271597,0.00515007505800271,0.0022714249194761265,-0.0029009191061891895,-0.0067788619165978425,-0.00412735541902214,-0.0032073400983324138,-0.0037446633319541053,-0.0006481410639925102,0.00011230053280744963,-0.0012209083969490734,-0.00024677060090807465,-0.0015443663227063039,-0.0027703832861848106,-0.0017442829161135635,-0.0011059471390315655,4.1864152667080666e-06,0.002193823778677509,0.002488593571283287,0.002841179347709237,0.002588443379917149,0.001996696881458142,0.0007903000496521212,0.00032171450293853047,-0.0005446153012894203,-0.00010145882651376877,-0.0013425651845544277
s0470_re_30,-0.10973137629716882,0.09147081028789664,-0.22042635972176014,0.061602337099259274,-0.2205155016525472,0.05747809430795887,-0.16940212965789306,0.06871274315884887,-0.031956014082516,0.09165947166492425,0.10432238276881985,0.12611231402658615,0.1404011570791121,0.10907209275174844,0.08282641650758023,-0.008351456443314942,-0.00381124227220981,-0.1163906433988642,-0.09293739231921576,-0.10907518996684913,-0.10368919254732692,-0.03582829152368244,-0.008198616478625074,0.03119166302625868,0.07751048321663963,0.07624320309499574,0.07193737774651364,0.06332807702038207,0.016780949852760175,-0.012708427996854097,-0.03594513097769438,-0.06354650588099085,-0.0567400625413261,-0.04248835364113984,-0.02741956756488415,0.006750978570718182,0.027669001599439767,0.03639778141194445,0.042795122466680796,0.031569869329466566,0.015786914002246844,0.0015394211383194184,-0.015580207207949065,-0.025071678303215945,-0.025190326402070164,-0.022381083963879177,-0.013314364815794033,-0.0016019303313194282,0.007299690309503603,0.0137839902557741,0.01586233225935326,0.012521220489197155,0.008674409790889522,0.0017206845852152483,-0.004313716637589712,-0.007512549380390652,-0.00864979056196597,-0.008775056450505875,-0.005904565244491043,-0.00402560510236123
s0470_re_31,-0.00038164887036782117,-0.03319185023847259,-0.021722009994374104,-0.07762982894720596,-0.10138786110087955,-0.11519760371494236,-0.18814955972906935,-0.15595008608471178,-0.19908896733454987,-0.17442950834923593,-0.1475720933302942,-0.10623508106481463,-0.07972581317549123,0.01698558795244702,0.012439578723849888,0.08132713077891776,0.10776250288066075,0.0856801114093572,0.11410226365491503,0.08922193418028425,0.05152766207565192,0.0437269101875012,0.0005301733775564527,-0.03057594923903759,-0.03406305369014805,-0.060309961807062405,-0.0587821762287305,-0.04073623633104799,-0.03920314206447968,-0.018559090567847356,0.0019240888421005666,0.00708421890199296,0.018705640703098898,0.022952722257566855,0.018808496938195383,0.019446083826051803,0.01304403512813658,0.004836567820626412,0.0028399600746827204,-0.00231378367960876,-0.00572926649165219,-0.004382692491560238,-0.005019095790049181,-0.003635224165738731,-0.0010769912160097032,-0.0012997304048304116,-0.0006933759957674557,-0.000510583186572703,-0.0017638044712337203,-0.0014864276591069693,-0.002133881822797463,-0.0017973140381161974,-0.0005790432864096602,0.0002620423886370854,0.001600707618420305,0.0027083761983955398,0.0024378837907295813,0.0029460496510710157,0.0018708603265887263,0.0016093152922286237
s0470_re_32,0.0038383484031752784,0.37173131214394567,0.018119154076309773,0.34485476740447035,0.013380686942663637,0.30483966204421953,0.03544726819702448,0.19555382640558916,0.08371602426183672,0.08857085328373877,0.07129575964154332,0.04480881178097277,0.0409054832434733,-0.010561655880789849,0.045886828555749236,-0.04409211601761657,0.0007856167322699547,-0.011760936021680215,-0.044018121948827434,-0.02076573191528613,-0.017519453131867466,-0.030828741594276537,-0.012291388944698303,-0.0007885291055521609,-0.012351992382849413,0.0034760424597011985,0.009314318443718102,-0.003498872904024562,0.0056564386617774035,0.009528596966283718,0.0002910528240737265,0.004827891600298998,0.005689611315066753,-0.0019801201787570067,4.4131703089977685e-05,0.000806619669834484,-0.0038302887749169763,-0.002075684151613158,-0.0009611590950752627,-0.0031058571486290657,-0.0005413440653808788,0.0010472148856200871,-0.000524124271353386,0.0010909973938236658,0.002613332993420296,0.0010151187310763563,0.0006254715867122715,0.001010940735678293,0.0003354834901010163,0.00031723576764330566,-0.00014734380857205526,-0.0007510699229302991,-0.000545468609819478,-0.0009656933311416349,-0.001139121129822801,-0.0005369539498445836,-0.000546664217685328,-0.000375084797062035,7.404225304415512e-06,-2.866886477831129e-05
s0470_re_33,0.041686871971971635,-0.12071287858465891,0.08634113380954843,-0.21566923893780776,0.06377046744622139,-0.3354427663482209,0.05802086167747944,-0.4314345234264414,0.05099042193864392,-0.3637176331497954,-0.014168879197948831,-0.15736211491063404,-0.021988451262100875,0.017802831138725515,0.011748114275802395,0.15991627703923408,0.006651616381161195,0.18917609907570107,0.04351921154558326,0.09438519602791332,0.035192437097623125,0.02946656802375287,-0.03405463344106377,-0.026108248107082913,-0.05195648014567804,-0.06400165103056885,-0.046266878679976815,-0.03329322504736418,-0.022795670266093606,-0.005385173765577686,0.01841378082098748,0.008126981777470416,0.025759866136435,0.018410401925090233,0.018457722943188454,0.0068886604476279,0.010735822602326485,-0.0033580275183527825,-0.00262271021895114,-0.004159911088946491,-0.004615183096019932,-0.004364278991608126,-0.0013754390682697692,0.00030831766593293413,-0.002234174170261557,0.0012616555874589916,-0.0014748435032076227,-0.000949688956515937,-0.002700184910647592,-0.0016102595639689542,-0.002638837962236588,0.0008324312201206997,0.0007194308183126403,0.0015762049817465403,0.002554584744406337,0.0029921532503005286,0.0022467124824270437,0.0019328020183894301,0.0014442060841994358,0.0006358523612990328
s0470_re_34,-0.12384005118547664,0.10412851379251356,-0.24862601021231046,0.06878787701942703,-0.24416344599755063,0.0677851664950949,-0.1471089149881804,0.07983332904833669,0.045172373355011085,0.11963761727296877,0.15258339797613885,0.14226024994072034,0.11859438370898528,0.026774007412937,0.021203915005126774,-0.12315772130086508,-0.1013319502693517,-0.11645189756859987,-0.11387393533815829,-0.03660344219541923,0.014486875610183145,0.04658301661222855,0.09007488003165488,0.09548634998976085,0.058092342024964834,0.03218347232008921,-0.00982104065768832,-0.05727894797465398,-0.0635941851141645,-0.058278709985499014,-0.043811591601130274,-0.005369219391142983,0.02501091167292086,0.03882868606183182,0.046257776028992115,0.036291667250199125,0.013517653908409156,-0.005005585175152429,-0.020656751511898483,-0.03024330034751917,-0.02586794119679537,-0.015927425700364206,-0.004956227805039134,0.00864690427753824,0.01642773244297694,0.016554724852648434,0.013543171053198291,0.006734594342662975,-0.001289010561067362,-0.005897826347146798,-0.00898139333801244,-0.00845834322962433,-0.005359477630226779,-0.0025289348509548717,0.0004983677933633043,0.0033852030181890994,0.0029449744130659746,0.00345402038081393,0.0030157058017149635,0.0024762577596525674
s0470_re_35,-0.02772637627518887,-0.08757494277892511,-0.06796851485509767,-0.1022474029168806,-0.09880214245411331,-0.049132904789686724,-0.06250152939080843,0.04350997932370984,0.06945256117617331,0.12261516090222783,0.15264190415594386,0.15723759226765685,0.07780408769378253,0.0674269172825045,-0.04719170102013403,-0.101769724638991,-0.10346036828145455,-0.13755046683762298,-0.08901346967872145,-0.021682131841571445,0.011155195953124477,0.07028817735752146,0.09816771059775892,0.07787181328431378,0.062309110808668876,0.01751210834162034,-0.033811137204783084,-0.05451404224603817,-0.06822365682909848,-0.05992326108614866,-0.024722081746618798,0.005636981880440123,0.03077889737907887,0.047911203108339594,0.04249424646566754,0.02640338860449677,0.007403549293374582,-0.014237274444207746,-0.027293830105663216,-0.029148801683222533,-0.023554826818458066,-0.010329000544460242,0.004007423589619468,0.013019377904594513,0.01770024300882861,0.016412816601206855,0.00962817040035602,0.002408072631730618,-0.004617012568702962,-0.008554301882154697,-0.008751473367603265,-0.0068458941219706965,-0.003529938849367175,0.00024476669403692395,0.0022056598412742334,0.0040016852783399314,0.0037560057811577676,0.003654236978778618,0.002893620050936992,0.0025004343467983888
s0470_re_36,-0.0253971969413724,-0.08415155677386836,-0.05834203135216128,-0.0955588456454053,-0.09076533472054862,-0.044663468516396895,-0.060876111411259023,0.043536300952699766,0.06052894221302004,0.11820280141762292,0.14701902063195413,0.146958079110546,0.07915741082406265,0.07184563020649792,-0.04289628376961678,-0.08720498746120861,-0.10036997740074127,-0.13694565061467331,-0.0870030446812119,-0.03286627136250285,0.00033315771308614655,0.0652647563365268,0.09101407387980281,0.0777284413289539,0.0713546842058206,0.025337723541976918,-0.024686984333533238,-0.045884161177168384,-0.06629411615410016,-0.06316824683302177,-0.032400702311149165,-0.005414722158299403,0.02326361545093993,0.04515967551643329,0.04330033101793109,0.03297591154457056,0.015339715030065475,-0.008670186318306093,-0.02336581747597194,-0.028700159649170186,-0.026697880474402812,-0.015472758663563048,-0.0019163228609800596,0.009338476764356575,0.017243320406607265,0.01786017505034931,0.012405536440643726,0.005884025375965885,-0.0020009776958158755,-0.007327170770569366,-0.009367199564763338,-0.008529399078593618,-0.0050642146290597575,-0.0011180483778538014,0.0015098484465539785,0.003543849255610299,0.003403619637980938,0.003835900543776599,0.002847171481777335,0.0025319012626827697
s0470_re_37,-0.00020263069870036414,-0.041501142477817644,-0.03010876169335317,-0.09198705205356876,-0.12553981683754814,-0.1338589920326127,-0.21412492986185913,-0.1786190825971224,-0.2007659653958076,-0.17762442807754503,-0.12552062803278746,-0.06062105102866676,-0.045039209693306714,0.06556236191665214,0.07046649060988949,0.09303577898826826,0.1353739328728427,0.09437787566899208,0.07757378125338657,0.06862012296874274,0.013284897956857772,-0.01352557789713059,-0.030266950561416015,-0.06470438364888068,-0.061530397770788815,-0.04802058966774424,-0.043503408097247474,-0.018543626551531574,0.0015344356731510184,0.008378995840927045,0.021224339015915635,0.025535742698402066,0.01988725585751626,0.01729879822668538,0.011379040882184905,0.002994339344398731,-0.0009385370616599251,-0.0046003145453401605,-0.006322794937929978,-0.004021689731526687,-0.0036305191334175444,-0.0027747968865593454,-0.0006754548743643699,-0.0009667627554988087,-0.0006184526020950571,-0.0009774037656655472,-0.0024006150847182984,-0.0019655065176048788,-0.0010272508559749358,-0.0005389200464983631,0.001165718762865339,0.0025826772062252563,0.0030645675876026365,0.0029508412642545085,0.0024190431941889094,0.0015167302824961155,0.001067608814258422,-0.00019535768575198786,-0.0004289150067701561,-0.000651619028222302
s0470_re_38,-0.1261275429461772,0.10421391095725163,-0.251623735408192,0.0702174442171619,-0.24711901982736006,0.07094103573405884,-0.15058984669375486,0.08441663888035844,0.039470937533755815,0.1229374818804697,0.15212689452556685,0.14429381759584015,0.1217459167217968,0.033866192619938076,0.02473926195111159,-0.11742268844526553,-0.09697679073744932,-0.1235394536170858,-0.1175676946713154,-0.04140808074633104,0.0051885685878919775,0.04140087090744798,0.09158819538339108,0.09464320951331706,0.06257359105134169,0.04226679428073198,-0.004685908666703666,-0.05176244112318619,-0.06153789175507503,-0.06267442027340145,-0.04976667653305083,-0.011945441570403077,0.01885736471395221,0.03660623843830439,0.04789855122626066,0.03895428031024054,0.018684992309361718,0.0010547295906731143,-0.017943531530144025,-0.029892278361131605,-0.02751175029722027,-0.02003050609364686,-0.008379902532232995,0.006326577536771988,0.014348172467579912,0.017136446570904847,0.01608021770628873,0.008995414464477174,0.0003608450323780585,-0.00478881460080274,-0.008552057048616326,-0.009134406857112488,-0.006833662982980051,-0.0037515877180144585,-0.000770365095009001,0.0026241923954386996,0.0029740301256479863,0.003749584164093461,0.002677133446123475,0.0025672869680435704
s0470_re_39,0.11070373177745725,0.18674663196951144,0.21683662489599115,0.18144784299562153,0.16934843264295749,0.1932815175360765,0.11917437121720517,0.15051400145316463,0.10349327411872625,0.07988795500465447,0.05891691713038803,0.06098192075800078,-0.008408992142900444,0.03295272420575114,-0.002574308537933887,-0.030341033914451747,-0.000970758970436867,-0.028322777852734755,-0.03841043643515669,-0.013351292248062368,-0.024800263761876565,-0.02332871343703766,-0.0009428142571404921,-0.0085871029601672,-0.0031004067932652426,0.011310101031669299,0.0015433815237413386,0.002948453956643512,0.009852800928959788,0.0017942361767507371,0.0019874067625416628,0.005208536758554283,-0.00021352037598322557,-0.0007237906179070386,-0.0001588348729797132,-0.004054288429092303,-0.0032281156188506354,-0.0008999775220565456,-0.0016094393190178124,-0.0001733744643294507,0.0010134388730240254,0.0006261743370200897,0.0018084656648254325,0.001536575305239045,0.0007241705625598748,0.0012847362811689775,0.0003432858773674219,-0.00033304241386531845,0.0003360625834427602,-0.00033120090514660093,-0.0009361658969385909,-0.0007021372345559647,-0.0008798876347064067,-0.0005830120374929697,-0.0005351955153597595,-0.00045258909787261847,0.00012455292089453058,0.00021930791322566823,0.0003890319900623026,0.0003503328828476772
s0470_re_40,0.04028447549018902,-0.12774447445423293,0.08381722029172411,-0.2246675788760546,0.06046302297954301,-0.34495854999077097,0.0599591530987904,-0.440823086725729,0.052896814977485,-0.36513221423483916,-0.01115937046341011,-0.15407727132956064,-0.017987896590266915,0.026637812876243065,0.016756930819703926,0.17259848690507157,0.009359405070625855,0.19208008074584454,0.0451486188420564,0.08899890472013414,0.029774547180761012,0.024810186687336856,-0.04170999281808363,-0.032408841286232004,-0.054810925147141115,-0.06599769832721282,-0.04653320996193129,-0.030997685476651184,-0.01936219566430073,-0.0030658121019476025,0.02290679054434282,0.011565613120985163,0.026867137083959478,0.02069298626347663,0.019045024973209573,0.004160042881303972,0.008502690501898785,-0.003568288179240041,-0.0032341313791473987,-0.0050601667812436605,-0.00516047755074258,-0.004976580537193583,-0.0017472930969680569,0.0003242874402400122,-0.0018699746896990166,0.0012643093106847617,-0.002062959707458107,-0.001176342631228433,-0.0021970136741870138,-0.0011818967718859794,-0.002333131221837362,0.000807980914996661,0.0015449340737631193,0.002568727234985307,0.003078522370082777,0.0030507905886774955,0.002079808353536106,0.0017176345643288445,0.0011070957530263305,-0.0002268395186658191
s0470_re_41,-0.10130906997338299,0.15386325172326978,-0.21661999163798895,0.08307033350273155,-0.2740889095296052,-0.010180301527779654,-0.28913507592591947,-0.13148240154742105,-0.21580489095379862,-0.17302274615424623,-0.13136799575559535,-0.08507326449964941,-0.017415134873079496,0.00015434976409002893,0.11157659268258409,0.06347648840105567,0.12472634776764786,0.11837992223402095,0.07272510481825582,0.06825841665461009,0.04052608019457838,-0.011983482551905142,-0.0295416969879485,-0.040923736444740476,-0.06917626577375398,-0.05637496960749015,-0.038210918919285755,-0.03420704186605453,-0.009966858522923982,0.010878833773207771,0.014494917697077631,0.022260707105285604,0.025779793315452736,0.01727439481929288,0.0129681251502057,0.009156042917091125,0.0002491737777120567,-0.003081723775885817,-0.0032552148954149303,-0.0064174395524473375,-0.005482773200523619,-0.0017083080182788936,-0.0019603275474302123,-0.001494655823798863,-8.472425569477785e-05,-0.0014289227787313541,-0.0018224872331993346,-0.0014153523047170833,-0.001920210109960679,-0.001060107108372227,0.0003625067482817125,0.0011222052535361108,0.0032016856827890637,0.003425451507016724,0.0025146409919603123,0.0025520532824006175,0.002101494614654508,0.00035677126728290656,0.000275279880891316,-0.00041202698036376794
s0470_re_42,-0.10206388745606165,0.1583764516356969,-0.21555528767310347,0.08841154537784944,-0.2735626153419692,-0.0038522894687106307,-0.288510284017897,-0.12611612815035486,-0.21804749956933678,-0.17137476639042987,-0.13463009146101254,-0.08965414067851897,-0.022863316063862278,-0.00789451160553355,0.10868308123513452,0.0599366495799179,0.12457812422024768,0.11903557439107491,0.07531219497781182,0.07313635888407695,0.04437089580552649,-0.008315337886553842,-0.026072058195113906,-0.03912329481624667,-0.06818785925483824,-0.05703345594537365,-0.04074933664098056,-0.03764603724815138,-0.011239879359255094,0.009151575438852118,0.010952621978313433,0.021427102008439693,0.026240745432970624,0.01775630160795087,0.014317849771626758,0.01069694525930996,0.0014253930859652185,-0.002299776666836287,-0.004141506163377904,-0.0063756241747931885,-0.004341342350061308,-0.0025259238520504244,-0.0024027201572986135,-0.0010105084930286208,-0.0001356675758634714,-0.001376760454412621,-0.001265523872254276,-0.0013948543291989054,-0.0025191485323322626,-0.0012563496504855206,0.00018527883086590446,0.0008279032037685626,0.0023237179775732054,0.0029516403823831435,0.0026543048501748855,0.002728614683418025,0.0024025128462203597,0.00144244641162852,0.0004568349300880096,-9.629926350923248e-05
s0470_re_43,0.00481786652483626,0.39222731890139567,0.01972246638174171,0.362122696904872,0.013025862000106518,0.3075230390519719,0.04450117279627039,0.18275535668877887,0.09240120732639252,0.07829072447471291,0.06344421260466694,0.0345853852841731,0.04240793821109825,-0.031216553565258313,0.039655256969387695,-0.03411440416426096,-0.02779294389411046,-0.007923842209736921,-0.03515200457724101,-0.035296106908649004,-0.01202295682324305,-0.01619642687439434,-0.016988270841759242,0.006132081409209948,0.0010778141655323561,-0.0038926049623615065,0.009815309880913559,0.006546840386153063,0.0006980635280598232,0.007670339995969259,0.006420132890527898,-0.0009774864868032326,0.0005424917463920505,0.0008114526216546826,-0.0041948160130522785,-0.0025524636956115723,-0.0007781258030802164,-0.003380671019728952,-0.0007315293169684313,0.001429352081079504,-0.00022916430169625561,0.0011770722030676891,0.0020975975489495773,0.0007713421311497232,0.0009687287011037318,0.001181829708885097,0.00024750053644475526,0.0004449557070907608,2.7364393378851626e-05,-0.001218872942687164,-0.0008139760287255696,-0.0007202562496221501,-0.001178443014966021,-0.0005435741865748332,-0.00018056037068424485,-0.00011595925519427532,8.891990199239757e-05,0.00013951872911543146,0.00010220538849197377,0.0001654917671965071
s0470_re_44,0.04032509137091989,-0.12303225584170319,0.08145812470331734,-0.22109713923876004,0.05762060214799361,-0.346124965629092,0.05490195011857932,-0.4449721661721843,0.04636072840945811,-0.36518358412759444,-0.015965699142584385,-0.1509231811959516,-0.01907772549081479,0.031195170483851644,0.018780422065442743,0.17606749418090553,0.013509297099249999,0.18896488140905174,0.04761016966653297,0.0868049588610487,0.02693554374445601,0.021640964831660798,-0.04329458084236551,-0.03689897750348078,-0.05469280871117059,-0.0652318204603015,-0.04672390290640979,-0.026696686392674928,-0.01587920469423793,-0.002856491813282597,0.02417446723984295,0.01272273615896656,0.02580995632723505,0.018867086212669096,0.01862711807477058,0.0039680055689981335,0.008031713217521028,-0.00381239009120803,-0.0047969669694130895,-0.005078354093294635,-0.003977052189231975,-0.0039175085853212065,-0.0018778408744037367,0.0002740192187124005,-0.0019913221259939304,0.00031056919776791176,-0.0024222690567070235,-0.001301843563051848,-0.002434180304933548,-0.000496422412080546,-0.0015240792153190976,0.0013308527575262303,0.002147938760760173,0.0026857636337798215,0.0031400193686196938,0.003009196775699397,0.001839907120904469,0.001046928942616894,0.0008240766979229219,-0.00011888424088481803
s0470_re_45,-0.10310908180977539,0.16345118302649597,-0.22220769760610096,0.08753288046340223,-0.28266222137489644,-0.012600453749637558,-0.2922305701333448,-0.14106527741743222,-0.21475003690162037,-0.17450292733792602,-0.1247498643335546,-0.08008369545481944,-0.002970768418954682,0.0029121509393645966,0.12455959585159977,0.07659091538588256,0.11675267977735986,0.12258493379049784,0.07229810915970117,0.05388056154341543,0.031511245477438075,-0.020919227542041053,-0.04538460838313915,-0.04630311413999586,-0.06652958439581225,-0.057935713669182765,-0.030455456283010916,-0.021668138488691688,-0.004606051703538317,0.017515818506215166,0.019879479909635418,0.021074392961024195,0.024401511176876185,0.01664461605549065,0.008155122077361621,0.005013972436121021,-0.0010820197213482795,-0.005942219015861853,-0.004501248311173868,-0.005049222731486171,-0.005275909378941403,-0.0008938563171319636,-0.00023045030322226852,-0.0015544380741467207,-0.0006787886924196686,-0.0017676726487453884,-0.002316789461108406,-0.0012590685913781965,-0.0010478453458480713,-0.00042499625006860544,0.001780327866245575,0.0025212635496438575,0.002845507653932762,0.003079482911617558,0.0022520076751835908,0.0013221664833251384,0.0009100656373731701,-0.0003574869535885526,-0.0002599850622751752,-0.0006816637141862959
s0470_re_46,-0.1270982384199378,0.1129065532068041,-0.25228936758370296,0.07776152754013506,-0.24558493923205846,0.07747656313976116,-0.14027958490119188,0.0896754246059454,0.05577723156437692,0.12825011679773057,0.1559443962933535,0.13508235357175105,0.10770923802075634,0.0029684811558552157,0.0008482080470893341,-0.13430952092229562,-0.11369609104904187,-0.10876071926961879,-0.09927170362794155,-0.020096618691247646,0.038922045902730906,0.06312289981678973,0.0958560651911891,0.09161620716678298,0.041795615681643826,0.010272796691635453,-0.028521479042208857,-0.0689546313948071,-0.0685213468072181,-0.04990061881695687,-0.025926582553255906,0.012303012723915508,0.04121746929961207,0.046104500208324364,0.041179733742938714,0.02518363346483539,-0.0008526239885340359,-0.01885648855173005,-0.027583828212722983,-0.030993089156279408,-0.021455262587719987,-0.00569949550981767,0.00619223481425487,0.016166936716422123,0.019552363840220372,0.014959794190407646,0.008139498538618227,0.000373020304566114,-0.006986213131781721,-0.009749672522113687,-0.009013958933190718,-0.006002853171795709,-0.0018831493578307268,0.0013553148860608248,0.0032077376435017055,0.00493605371200218,0.004636761322179241,0.0036589043525502582,0.0024660013199455408,0.001996122474212915
s0470_re_47,-0.02565341086711487,-0.0880747423303123,-0.06167816593241602,-0.0998193727117658,-0.09530037863613441,-0.039394242114806674,-0.04834379799571033,0.05658793441062307,0.09318971400394326,0.13161961733150282,0.15387950883023363,0.14942623705201538,0.04286821610704158,0.026113754898178052,-0.07672334096770032,-0.13585468218778182,-0.10869866362493862,-0.11075030032367175,-0.058792193076174094,0.02509603290578807,0.05659352502044706,0.08511031123632701,0.10078197531960556,0.05765536963061285,0.014067329348171429,-0.022019848511197516,-0.0652656876677638,-0.07141175895004656,-0.05100824737818178,-0.026930393013435812,0.011042959366419901,0.040606620842655004,0.046803186147855745,0.04116433423757117,0.023028158060925997,-0.0032161478697283943,-0.02156151070897076,-0.0301610315987147,-0.029917386821149278,-0.017091896325600896,-0.0016089475809503682,0.010264581579161486,0.01874888925308406,0.01827968333951785,0.011953241340471835,0.0043495935355102365,-0.0041622805037252525,-0.00911952237840707,-0.009190819213960304,-0.007210705003325363,-0.0031709896970557273,0.0008369948406910019,0.0031874262731826173,0.004183736314658501,0.004317930147604746,0.003811534265788777,0.0030621513620983534,0.0018860980830794165,0.0012255099135679056,0.00017163906349733926
s0470_re_48,0.0013213041348302697,-0.04178815990689199,-0.03138819964368777,-0.09547955202686316,-0.13677155856516943,-0.13903448018319825,-0.22232835375474785,-0.1885125601054789,-0.19764365718060112,-0.17398776569545588,-0.11879036845567512,-0.032484472038383665,-0.024194553194929184,0.08206126234925176,0.10193941191383206,0.09615288516564528,0.1311975396446057,0.0970243858370288,0.05473177126079747,0.04299728330163169,-0.0048994185952105215,-0.04409448442178184,-0.046217749242214196,-0.06313182435122072,-0.061630045449346575,-0.03362962321745101,-0.021598456334547097,-0.005434492312997025,0.016970222317428604,0.0214053218175,0.021545758969908037,0.023292295011813104,0.015498804539502815,0.007731788914243041,0.003054219209183043,-0.0038637798727888264,-0.0054102653020882355,-0.0036951143562963867,-0.00462105482108031,-0.003231945316719323,-0.0007425620828251069,-0.0010679576221695995,-0.00080866866777382,-0.001105252984934087,-0.0027835611777429995,-0.002353892446533277,-0.0013235980224783905,-0.0007598140009780585,0.001140716406839722,0.0022088140790152296,0.002585241390639409,0.0027682944290643866,0.0021590408915398143,0.0011734417985674046,0.0004929462960626273,-0.0006975125397309298,-0.0011416453918870074,-0.0015884267679285309,-0.0010997081329138826,-0.0010249596144257663
s0470_re_49,-0.1254667744832728,0.10440520512871483,-0.2526128453726599,0.0696795636606657,-0.24664444700865068,0.06683531486353324,-0.150290405966649,0.08219455878278498,0.03804256299662577,0.1210409874632648,0.15369757975931078,0.14194502076768253,0.12159632285625503,0.036433226195417605,0.024151000932410762,-0.1168542830497676,-0.09385273620676514,-0.12299628932267728,-0.11969568661382173,-0.04213490531833409,0.0028274397278349075,0.039636330632603446,0.09196448987847136,0.0938078998839946,0.06296310447173317,0.044003597094531145,-0.0037639776857158924,-0.04978258051796116,-0.059548892654817484,-0.06415916669972531,-0.050605119996589024,-0.011835554089341494,0.016777082346232274,0.03466166524293108,0.04835305631831867,0.040485908803420706,0.01918053332863893,0.0010232284392672991,-0.017032590224518963,-0.028745844929054305,-0.027395743546660984,-0.020342323105334976,-0.009368611469506457,0.005407321869350048,0.01371975254924239,0.01649520747259035,0.01615585597596499,0.009497810402430695,0.0011627849466437628,-0.004334960538445694,-0.00836554377795913,-0.008793921045003159,-0.0072046178806338635,-0.0042212567897008885,-0.0008426978642535781,0.0023773049154200278,0.0026600090760076685,0.0035659470084233908,0.002781066292083153,0.002559395476585598
s0470_re_50,0.00016921048277257416,-0.03306315460721722,-0.028284404848613987,-0.08488003042664843,-0.12663981594117105,-0.1282419591489671,-0.21550285966999996,-0.17760667088587592,-0.20145787307594773,-0.17941386847683194,-0.13260738152022608,-0.06551872679635289,-0.05069444142180704,0.05925136344365904,0.06599309156123548,0.09070182426730933,0.1335233316086696,0.09723092568966933,0.08275112391901158,0.07229452045997233,0.015506854784575952,-0.010486128122257984,-0.025620616563863843,-0.062112313881070455,-0.06022215381717875,-0.04893949813211128,-0.04690426504887946,-0.022390196330768587,-0.0018207570570089125,0.006564920756056111,0.02091097417101522,0.025132402905743163,0.019601002955205407,0.018101924544325583,0.012185868334239491,0.004168886234773822,0.0004359745847575342,-0.004069614955059812,-0.005965037429498091,-0.003908113823827763,-0.0038695862768408393,-0.003036286085664971,-0.0007676582411967437,-0.0007249454857420998,-0.000876362952542093,-0.001272227474956643,-0.002086216259975689,-0.001950626623535765,-0.0015530202133176374,-0.0009005677213625362,0.001297807395289826,0.0023145938812779467,0.00268652931785297,0.002938315339535911,0.0027778233878122454,0.0018348470095350827,0.0012616415800333193,6.258394978853594e-05,-0.00016484524440795825,-0.0010075796877795492
s0470_re_51,-0.12723762574057515,0.1153522429003404,-0.2528037491270499,0.07655649281214012,-0.24544457881970005,0.07747968012206055,-0.14027866689965005,0.08852350137158733,0.05359502408844395,0.1243192697724413,0.15525435600372597,0.1351881628996327,0.107680413700889,0.006425122905873956,0.005139272267687564,-0.1337946837966654,-0.11139019260969399,-0.10905697536724519,-0.10074522811376979,-0.022599253257396028,0.03558443043396386,0.060681545130760066,0.09449894410368244,0.0923049177625151,0.04427905281785933,0.013907041136214755,-0.025403009222334023,-0.06909848809088052,-0.06789110151187558,-0.04921674750499502,-0.02931125728288925,0.008679691907568822,0.03891418252137603,0.04558798649226933,0.0427078372006961,0.027143696814869857,0.0014792770950667385,-0.017251804692091408,-0.027683082046992942,-0.03036494776831179,-0.02180614869962598,-0.008816500807803407,0.00453521377736946,0.016140620504550663,0.01959979121199621,0.015635301351564348,0.009099377668350513,0.0009667323795049911,-0.0063772331889888016,-0.009309997626599717,-0.0093591752931063,-0.0069342464176125424,-0.0027512024378867407,0.0013351714884369305,0.0036083510198452995,0.00502396965427007,0.004318513592582179,0.003463778982857216,0.0026861652800376835,0.0020115715201750556
s0470_re_52,-0.0001815438498124356,-0.04190496927425187,-0.030267502043089155,-0.09458491234590793,-0.1382786417461495,-0.13913114942341462,-0.22377661011002342,-0.18627209461976357,-0.19183520055019695,-0.16886983517838186,-0.11540386529479105,-0.024227854478946074,-0.020337164747274677,0.08211682037051565,0.10746599361135883,0.09379972601635203,0.12584964199650062,0.09650240143092331,0.050615358844258974,0.036962692235566766,-0.007300714810496917,-0.04808481031131014,-0.048266476641716086,-0.06050792638202347,-0.06187401336257937,-0.03249149302350621,-0.015023626548425786,-0.0013875015708283167,0.017835226246532478,0.022232980639871208,0.020693551855778036,0.021821332371206956,0.014491741772354249,0.005119638009628081,0.001984073784885686,-0.003113563511190844,-0.0067395656400088206,-0.004368052598542704,-0.0034096782922674747,-0.0026445104780983136,-0.000478190692585367,-0.00032827119123521775,-0.0005479423716798517,-0.0010906516377230655,-0.0024984870344921125,-0.0025341668016175935,-0.0015359219200556957,-0.0008769583891907969,0.0007275871164054777,0.0024305154191656187,0.002787677745284148,0.002620812867897591,0.0020148025082941793,0.0011694794537120442,0.0004725853062860325,-0.0006477978277575868,-0.0012333016075091396,-0.001489472655845866,-0.0014979278628434022,-0.0007355230873682786
s0470_re_53,-0.10428112746935059,0.15962708098122583,-0.2244465321712191,0.08324115842160895,-0.28735078362766686,-0.02319363027705159,-0.29453038603669357,-0.15221672692735944,-0.20874686826943445,-0.16973316724536994,-0.11661278358665784,-0.06363439341910639,0.020867703800798613,0.01583947516207348,0.13706996863245147,0.09048654874839397,0.10890664497242662,0.11714318246165803,0.06466739063859037,0.03313085903047174,0.015257198183819248,-0.030652216063824914,-0.06075540300713499,-0.052402584687367776,-0.05949331307901087,-0.05289842545728159,-0.02103400266152593,-0.0056324852679020656,0.004860902097453419,0.02252880396932542,0.025483888029884133,0.020101285440794994,0.019186510322017354,0.012905882611077639,0.0027740695706876886,-0.0008378876273915993,-0.0030761376918621076,-0.006445210896929565,-0.005395174114487367,-0.003242302238388251,-0.0026278067373248504,-0.0009581080582394696,-9.554237173547593e-05,-0.0016078762147374009,-0.0016885339315528766,-0.0015246419099662438,-0.0024503501630522887,-0.0012125107359665917,0.000449671911706528,0.000995614250920334,0.0026804755257191035,0.0031599120934573087,0.002539290203505168,0.002118236389155505,0.0012596610979760923,-0.0002172417804163339,-0.0005577339531168476,-0.0012045951013378315,-0.001295873125385617,-0.0011873959889313135
s0470_re_54,-0.1290078125651137,0.11009964612313865,-0.257740650137787,0.07137418531798041,-0.2531507092064998,0.07234823907764931,-0.13815599724341626,0.08780726618038817,0.062114659192541506,0.13077059405254673,0.15747111267050432,0.13766981572416276,0.10697036153993594,-0.006967501929776738,-0.004844192972364063,-0.1383455413681106,-0.12215109269367914,-0.1026526042250902,-0.09106993516094719,-0.01375082386314232,0.051499050671119,0.06933291417777605,0.09115098791281476,0.08987027885013207,0.03530924962719248,-0.003499781577275363,-0.03550665749486347,-0.07140196490117225,-0.0686616661386014,-0.041243144000965154,-0.014525097959063966,0.018628787010927128,0.04449039413759001,0.045849103015000774,0.03553605560694358,0.018614096235595345,-0.005976281575987743,-0.024042627400317956,-0.02909303570779649,-0.027083998402472716,-0.016406126065571076,-0.0010647263080810043,0.010013959107887995,0.017037345290007014,0.018539052700538666,0.012441583135359311,0.004351680858791014,-0.002493631607526913,-0.008364256788970532,-0.009388109968176964,-0.007164974104071973,-0.004381057578216791,-0.0005177638903004457,0.0028990205860846656,0.003827972459290397,0.004621022167703172,0.0042372397626285075,0.0033126185975275555,0.002475174928679115,0.0018971355351132826
s0470_re_55,-0.0008799488086978452,-0.03447529962272854,-0.02863527987855656,-0.08652949857198199,-0.13450067896113568,-0.12847254925296156,-0.2180595511975634,-0.18081619924415482,-0.1927211468386564,-0.1688821630833817,-0.11994670858367323,-0.035837931234689396,-0.03008695254304215,0.07265081133033909,0.09548530915434801,0.09097555764886958,0.12862571181457486,0.09739722717403536,0.058400913843249525,0.048835697261790253,0.0011424889125221523,-0.038636179311704474,-0.04292393374259518,-0.060945292866073815,-0.062421273631495355,-0.037116505934674034,-0.024157726322371426,-0.00835366114236419,0.013639479347965139,0.01846615529548636,0.020296657499677764,0.02399608975670685,0.01641332504673637,0.00857689403596834,0.004482000957558465,-0.0022106596847997115,-0.005929479045429622,-0.004554676050853246,-0.003848938281236416,-0.0025454768065375976,-0.000551604449343426,-0.0005584786756801561,-0.00023985180203940922,-0.0010825403969168296,-0.002646839489980191,-0.001892576220713176,-0.0015136830819932191,-0.0016937594031669965,-0.0002965395198272502,0.0009991145551107594,0.0021300422823068298,0.002699600727270111,0.0027288073663616448,0.0021214511512093275,0.0012934173300066386,8.628927160488186e-05,-0.00031762524993466767,-0.0010257170523393258,-0.0011358296382334159,-0.0011917317044295274
s0470_re_56,-0.09941287310600497,0.16346120596030608,-0.21237419055952908,0.08930827449540432,-0.2734315630201668,-0.007333296137026686,-0.27705817119697446,-0.14073499316634275,-0.19803927402118754,-0.16511889824902426,-0.11543493602401064,-0.0718890917025217,0.009136236648171502,0.004269881980993411,0.12464857946800141,0.08075198958356404,0.10182191968173548,0.11668803440728948,0.067670056516669,0.037915479838404244,0.022823862536227615,-0.020768137279805685,-0.052729050413556196,-0.0472839025013222,-0.0568308359343602,-0.05373292183491393,-0.024331191528247892,-0.010810535468473487,-0.00034036171976634577,0.018349696079233997,0.02237514569777594,0.018697999606579287,0.019280894054214893,0.013552413263408614,0.004074843238606038,0.00038027422498735947,-0.0030464162491561893,-0.006036252812621464,-0.004053235319196578,-0.0026978942406392864,-0.0025751414993164692,3.6436381879408664e-05,0.001164852987119198,-0.0006677091139158551,-0.0011508173308665912,-0.0011656822845925428,-0.0026552609778772757,-0.002552913796107735,-0.000939342082400748,-4.5916206643612065e-05,0.0013768389761363061,0.0020603683980642334,0.0022806633678541014,0.0025047634175191097,0.002284441534770525,0.0011113021225492839,0.0005890661809726794,-0.0003446081509157543,-0.00029771779903277676,-0.0009186884539125654
s0470_re_57,-0.1211048289228512,0.09506238531823404,-0.24329831854214667,0.05933873341582464,-0.24097220679219236,0.062399371043959144,-0.14279587365002577,0.07942684318706156,0.0486805771604994,0.11900021698517149,0.1555414013563122,0.14307132054348978,0.11839522718345274,0.026758528818788846,0.01682360800465894,-0.1216979238596971,-0.10522335431957312,-0.11608160823812526,-0.11178860665251193,-0.03503035617631,0.019095255179380898,0.04820277060095494,0.09040384555716581,0.09360279849552627,0.05443398556890479,0.02919281213824098,-0.012875407619732352,-0.05806358558083973,-0.0627082048435219,-0.056020088377134965,-0.03976750812905274,-0.0020547767365008056,0.026470072962456064,0.03862746690609275,0.04419000158385705,0.033327260332396975,0.011097310836045423,-0.007524694911706039,-0.021434100345489634,-0.02873647513450715,-0.024153094448376516,-0.013185170876268918,-0.002423336964547797,0.009309117574743292,0.015538991589397555,0.015057518409613547,0.012411063922030828,0.0055460993666067195,-0.0026721752395588018,-0.006420514200797413,-0.007949812078358051,-0.007109057446099016,-0.004970182359087166,-0.0017376829358319752,0.0005342906592500082,0.0027205779917423346,0.002979142261508716,0.003408088112797483,0.0025523336703768005,0.002499190740095563
s0470_re_58,-0.027576506056713225,-0.08490968262035083,-0.06615325687137502,-0.09921777295691699,-0.09486075181816192,-0.053692805263813974,-0.06888971175549183,0.03092562888205135,0.0479378180430919,0.11104528092713553,0.1458012350706483,0.1532063579176534,0.1015009007774131,0.09478370372170399,-0.022612992144517355,-0.06121962527023991,-0.09528602929449716,-0.14260397260253851,-0.09737077282380695,-0.061996129040189654,-0.026473689422057207,0.047752431592596116,0.07551981583164423,0.08180315318701908,0.0881301655363624,0.045600079681040524,0.0049265380824412034,-0.025123738074605523,-0.062193407687152924,-0.0661236996731125,-0.05032242341916636,-0.030974977994453808,0.005453424456706075,0.03271291790324131,0.04111154433755411,0.043322315802262125,0.030775468187471244,0.008572829835705717,-0.00885834879111917,-0.023358546865251826,-0.02951249789805172,-0.024206700716403698,-0.015322723456141286,-0.002287305273654863,0.009824289370420921,0.015095165700520224,0.01671941407975344,0.01352082401302076,0.0055247440610972105,-0.00048930608486554,-0.006422229029222991,-0.00960141096609413,-0.008602635772301994,-0.005881086704304124,-0.0034184748411542638,5.742100945653441e-05,0.0016050579629970643,0.003297981642466527,0.0026673617614624417,0.0024477301047091797
s0470_re_59,-0.0011903178521185534,-0.03704972124148614,-0.027292982828605396,-0.08164358083166573,-0.11547215444680058,-0.12119405725580543,-0.20075413127275252,-0.1642811625801165,-0.1986714737404948,-0.17328492965841277,-0.1378125872928149,-0.08590009061487777,-0.06398471586169158,0.03933019262045999,0.03964925006179596,0.0876919489039918,0.12415029163124301,0.08981759721203088,0.09969256683332531,0.08294729161245065,0.032068712382715976,0.01837863110185213,-0.012728823081031931,-0.050636860989403634,-0.04952365372617229,-0.05679349695825981,-0.05759937410591674,-0.03205283456494583,-0.02021330687418046,-0.006910945622363227,0.013905051277870336,0.018466652719178273,0.021465338246343037,0.023970387366523342,0.01646151742513604,0.011316691162532077,0.007391209463488107,-0.00039754025396545163,-0.003740939780514286,-0.004868866740719177,-0.00605275204702618,-0.0035837199285122735,-0.0021727930851554384,-0.0025134586781657008,-0.0006211294306208714,-0.00038668616685051926,-0.0010093570980537138,-0.0007446903125258078,-0.002273750598059365,-0.0021822760120164216,-0.0006941338405960849,-0.00029435971483480924,0.0014931154160362395,0.0026485184809387115,0.0025687947023933376,0.002988963151740627,0.002825222716248577,0.0019158605204126582,0.0013385825027898124,0.0002618279691629316
s0470_re_60,-0.09899391353102564,0.15788273615742895,-0.20873138075197442,0.09173016861069816,-0.26109370299449886,0.0029464317967909503,-0.27888122818779354,-0.11607878208941505,-0.21054345500049243,-0.16692968992006685,-0.1320452722242226,-0.09292071058310145,-0.029355319952215724,-0.011793044845427583,0.09933085344139636,0.05007980658460719,0.121332829175455,0.11447985004325821,0.07573637451440418,0.07880623551392804,0.04720904923428702,-0.0024358697474815977,-0.016761232204672204,-0.034765666178017456,-0.06399788495166583,-0.05420795443571179,-0.045131678491626,-0.04081054666950137,-0.014556281809963361,0.002300717442518386,0.006869472808113007,0.02095220400492477,0.02528934462576222,0.01764774880154932,0.016842420797377,0.012279937891022325,0.002482904350428708,-0.0009113497438021681,-0.002672498017250547,-0.006170256840690864,-0.0050448600118607875,-0.002757225633286385,-0.002786643806171536,-0.000872777442293325,1.2531329296687107e-05,-0.000559428867690611,-0.0002759088591400201,-0.0014231376708784373,-0.002420461541126484,-0.0018781298079833413,-0.0010995374813663691,-0.0003589566031032708,0.0012945890942530243,0.002718086374588715,0.002854053759151313,0.0029313176855292615,0.00223077163678193,0.0016289438560479715,0.0012582907761347576,0.0005889252125787112
s0470_re_61,0.006201180966177527,0.377928186926872,0.02449693190538753,0.3486472640967419,0.01787417659970477,0.3010310715969888,0.044281497838403606,0.17833846523477337,0.09154895692680827,0.07678375201797268,0.062292256447167876,0.03454940399121537,0.03837468825391662,-0.032466546870069786,0.03744319240893862,-0.03432275669705207,-0.025364128561475498,-0.007266590570748023,-0.03627715918663481,-0.03395544940698215,-0.011463659010471701,-0.01722520037940845,-0.016337597265736133,0.006674758472144546,0.0005531427302695789,-0.003295702228415557,0.010134092961117646,0.006827120396653007,0.0012517292948862658,0.006901210920840188,0.004762009267752326,-0.0009747913919652639,0.0011656609558448007,0.00021216813899836985,-0.0036866548583306727,-0.0019522894248420305,-0.000812861195045883,-0.0032944920430287394,-0.0012389206555606376,0.001143715061344049,-0.0002529447038175872,0.0011155235162673505,0.0021729387973761973,0.0010340828806838136,0.0015520204724328707,0.0008406382725870313,-0.0003049394745640275,0.0004381661753769528,4.311260407678048e-07,-0.0007840664598689862,-0.0006211573402218667,-0.0008136913006464495,-0.0010076485728652946,-0.0006962355719242968,-0.0004858407180559017,-6.925591807660183e-05,0.0004440437460310396,0.0001513378140756846,0.00018645113597226667,0.00018913420766866943
s0470_re_62,0.1472216486684803,0.09406648373526698,0.3205638819025019,0.03848050551542719,0.3446708609207694,-0.0372380826573285,0.38178972424720614,-0.12095258551506761,0.3394341659027666,-0.09041775973453016,0.16805694231213353,-0.0047852543622970535,0.03438972011005194,0.03247460101134015,-0.05683891011648302,0.07868624439906233,-0.10950666847318827,0.044169535163218254,-0.057894643640395566,-0.01522390497185443,-0.03731965516260849,0.0015500133043688075,-0.02695159750353699,-0.0030193106694899607,0.007372670447337814,-0.002939130363315433,0.0014785073272378772,0.009993092384759074,0.007535800123026041,-0.0038603534485639624,0.012966009650348938,-0.0018208674803392082,0.0022891744423223447,-0.0026562534063026976,0.00387710736108984,-0.007410437601891957,-7.048434867095105e-05,-0.0021219600042990147,-0.0018596383907126543,-0.0014696566404102758,0.0008696873039023447,0.0009692068128114081,0.00016176402878025404,0.003193163414658989,0.00018955989881471613,0.0015887251316780136,0.0001650979362577735,0.0009796694187782203,-0.0009235280308326274,0.0007924537111455263,-0.0008284363997311056,-0.0010034666945657128,-0.0009643886286229399,-0.0008616573834662135,-0.0007927070917196962,-0.00019213236457786307,-1.4529759823530374e-05,-0.00016618400572911357,0.00033248727839376205,-2.660486029794219e-05
s0470_re_63,0.013133900581240306,-0.16843237790368407,0.042933462097895045,-0.2303898566566621,0.07932776495138863,-0.2609550654349311,0.18869395002532677,-0.23152470088471172,0.30477240366568825,-0.08567757194217558,0.2792660047328594,0.0701902949901978,0.1378704780871041,0.06346306605979911,-0.04692114022470475,-0.0049137901771113745,-0.20546725525648532,-0.03460761918359082,-0.16213717530991975,-0.029140510400494216,-0.011719225298730398,0.058344544071031595,0.06268190891820452,0.10659276750328685,0.07044370290251772,0.033837595186781734,0.005101178889400521,-0.03946956558929048,-0.06717447989774239,-0.06460143906756398,-0.04283053716906887,-0.02960271938197489,0.018926782601824333,0.03445470413945086,0.047783875050964375,0.03816168520633267,0.029807784731523956,-0.0009168982206710589,-0.0137979400471489,-0.02754209530478523,-0.029845913742129374,-0.023297230002297442,-0.009875340401828294,0.0026909480720457234,0.01219196456626119,0.02007358150127057,0.015387112518078843,0.011500269539985522,0.0025235311854632037,-0.003266318252536557,-0.009365423859239873,-0.009006506666764795,-0.009107128558362654,-0.0043932873839871815,-0.0011270109819228667,0.00209977482643406,0.003218513691192163,0.004395929302410814,0.002723450094658752,0.002782993024029366
s0470_re_64,-0.0246197943133869,-0.08642694349924154,-0.05816885662436619,-0.09888182782116842,-0.08974508621675209,-0.03875813163466113,-0.05348245412275031,0.05429958055986999,0.08158592383330251,0.12686992259280058,0.1513130912337549,0.14766701481410197,0.05314987464673763,0.03940857476421779,-0.06726779692190131,-0.12429108144306857,-0.1074304808362021,-0.12039060188875024,-0.06709514722316257,0.010786734091558338,0.04008736400058863,0.08265473779781057,0.10236933962343464,0.06306052543115494,0.032363531805178876,-0.007042072327630238,-0.05726690033515745,-0.06889798857493068,-0.05892380634070204,-0.03992794772061033,-0.002779501633489444,0.03063192848226844,0.04490097456726678,0.046376971901369045,0.03199085341711582,0.007095745848101233,-0.012564018574456269,-0.026856834940432773,-0.03194065991378192,-0.023733838232319383,-0.010354067797952858,0.0038471795955293524,0.015370437493038293,0.019179295923281554,0.016192179401981505,0.009458055952228966,0.0007082812167449239,-0.006242740597215594,-0.009638613894868817,-0.009561582136526657,-0.005971712089817584,-0.001560288212457327,0.0015413511665084603,0.003909468721423728,0.004695316064135832,0.004133170575889838,0.003340847074364473,0.0024462866550207926,0.0016619026085882486,0.000824640653438776
s0470_re_65,-0.0004570208055841172,-0.04289214904661943,-0.029105097188054967,-0.09510502161592524,-0.1318595815995169,-0.13494199511228697,-0.21658759214717022,-0.18051300370092113,-0.18909966121036992,-0.1657273066410723,-0.11460041648353027,-0.030820424104622778,-0.024651765555950667,0.08057408503761597,0.09897546599073637,0.09153388873343969,0.12773614291237634,0.0924597476111604,0.05434753860153938,0.04410186507315255,-0.005486268666479858,-0.041752386212071606,-0.0444196335782645,-0.062044163707615715,-0.06043551677618074,-0.03399222801323742,-0.02107194889665865,-0.005419339959305442,0.01599403541330472,0.020512988726224386,0.020885722838527465,0.023234166072781313,0.015557587657999245,0.007115222942899251,0.0028442070871328995,-0.0033062929490054725,-0.005610601487940862,-0.004004739339223958,-0.004747933946271067,-0.0028697225940775136,-0.00031557213641211296,-0.0005134726214187509,-8.241591001656033e-05,-0.0009952003233529446,-0.002118039607139263,-0.002106215397295138,-0.002352069588182711,-0.0013173592628490949,0.0008462206691561584,0.0016286131936966088,0.002218827170231962,0.002642789129193792,0.0024584431168279703,0.0015009004889711332,0.000766639920553977,-0.0002699338380805347,-0.0006356846401423157,-0.001345660151508931,-0.0012811665050154824,-0.001176480031402409
s0470_re_66,-0.1192347158656484,0.09727431010416301,-0.2381936856684499,0.06392667179817238,-0.23594333536155576,0.06318449310893651,-0.15259403736926802,0.07929898842499389,0.026811047300789183,0.11406953710810773,0.14626028556556478,0.14116317985515503,0.1225021823162633,0.052816804415273796,0.03501049514473474,-0.10166969296828324,-0.07996864593746694,-0.12632787468218556,-0.12207546398775408,-0.05326568738911503,-0.017413915004940436,0.02765512949519848,0.08459110445712889,0.08613326605999555,0.07058010242969537,0.06007378882635464,0.007917800520944348,-0.03444282463091295,-0.04828883164214537,-0.06694041984924971,-0.05817579592565963,-0.023812344507909127,0.0002534481813000759,0.02543600658791756,0.04565825138185693,0.04211689988754145,0.02887658295781666,0.01327992248945274,-0.008079177996124374,-0.023030371175424225,-0.027176447066308906,-0.025783932347331943,-0.016181505079551677,-0.0027050074124766858,0.007774879080832354,0.015276205070287199,0.017042692327263156,0.012844127600133221,0.0066523710581355856,4.5964974430382706e-05,-0.006425760230306562,-0.008306345864038405,-0.00860864091147068,-0.006893162271670848,-0.0034123150542955004,0.00012641922099644837,0.001491450587617898,0.003072259737321884,0.0021361750774790303,0.002678337054419612
s0470_re_67,-0.026701840084042586,-0.08538681099473625,-0.06458316330247449,-0.09989285971957845,-0.0922503682787369,-0.055589207321600005,-0.07141687985445347,0.029842784407867955,0.043573126564459136,0.10638070813207416,0.14423327935235877,0.15095190970427153,0.10364921087399709,0.09965900550351008,-0.016333288791360253,-0.050087976970558896,-0.09105110148546204,-0.14237589130618195,-0.09919695729199579,-0.07054359674440307,-0.033002255301469226,0.04057793548433424,0.0683566550778318,0.08080338232432188,0.09111509316941122,0.052342481989384175,0.014821485221916574,-0.017674364010829266,-0.05877006843045125,-0.06563483993796304,-0.05326719920899359,-0.03742719062132974,-0.003272430899152837,0.02568849830470447,0.03856638806551073,0.045621680351207304,0.035092569319909186,0.01412283082407898,-0.0027367013297684723,-0.019964995227205663,-0.028574776671871402,-0.026160733721864452,-0.019539237392154303,-0.006685414063154153,0.006189803604326964,0.013942742469967614,0.016959451993926483,0.014968901184127812,0.00840025516529688,0.0018047029093011219,-0.0047616707660797,-0.008404372338081664,-0.009189723998464697,-0.007704330349131482,-0.004794338895701198,-0.000820943045630779,0.0007404942269914991,0.0025315619460659355,0.002249784629455352,0.0031998205866100166
s0470_re_68,-0.0006211805481851175,-0.03511668735406323,-0.026333877534100488,-0.079570340317958,-0.112355880312279,-0.11697012436330535,-0.19782997915134287,-0.15839458246654614,-0.19414110990972333,-0.16971978769239054,-0.12997528264655006,-0.07736396450760842,-0.06112638283930215,0.04416620282016799,0.04367120670099734,0.0820581089631606,0.12372495079123672,0.08968229190877126,0.09329841918958724,0.07905570562122073,0.02712740182162658,0.011916940583764551,-0.014804212477969815,-0.0519148954409294,-0.050015800965531015,-0.05380002396138402,-0.054765346179676926,-0.02920882359497184,-0.014976956427237934,-0.004229076084051726,0.014801665901312561,0.01971624139874046,0.020509008613603875,0.02353813220440684,0.014926667874003235,0.007843801846941266,0.005536506843037002,-0.001374676377094569,-0.004122273865857365,-0.004404621721788788,-0.006111120333114217,-0.003402509259102371,-0.0013737920664315911,-0.0017726581252611642,0.0004115985987365875,9.097884016525355e-05,-0.0016494105615737602,-0.001156401656641779,-0.0016621635020043124,-0.0019419580974284734,-0.0012163260349865859,-0.00028979407302473167,0.001390412611934469,0.0026735330646171793,0.0029678566639770227,0.002831303900987568,0.0023139696161990466,0.0016302843168176692,0.001119420952968259,0.00035512423472450265
s0470_re_69,0.003022056253500456,0.3653879554389174,0.01747661958377299,0.3374925549146479,0.012603108831754724,0.29294875642075535,0.03793403472565039,0.17721123261224597,0.0862279132373762,0.07728715059894567,0.06264334726479649,0.0398998595948362,0.03751717974509164,-0.024400646187926173,0.041334005995592955,-0.037800700848915625,-0.015414734357101832,-0.005232040309594258,-0.03878445734783946,-0.02824196343124926,-0.010734403880223013,-0.023784263603900364,-0.016419054939164325,0.005369258187410596,-0.005349153536472318,-0.002553090044260819,0.01181976629293767,0.0038401675397509477,0.001550188316485384,0.0085676018562797,0.0030354682091954,-2.854283803286221e-05,0.004045118618515023,0.00016490587864840186,-0.003480607020162385,-0.001301545713230114,-0.0018204229710523311,-0.0030608011229053514,-0.0006396264324673745,-0.0002671294509198196,-0.0008138745420511443,0.0011691115795106667,0.0013818181262783963,0.0008779497931847808,0.001920171433561796,0.001373444899895134,7.08923115524214e-05,0.00024722213287617454,0.0003107246445362578,-0.00023941861762186622,-0.00043461875392453603,-0.0006103009352888636,-0.0009624487686404634,-0.000988304821607635,-0.0006876576466072963,-0.0003385129692077354,0.00025894501261953406,3.286830221251691e-05,0.00022521455905424946,0.00020624590327557007
s0470_re_70,0.13940027026955923,0.0901238720003324,0.30230276350104274,0.04054094858179557,0.3270517651872355,-0.024055717349175373,0.35629297154521256,-0.10644729087287055,0.33473175000787136,-0.09899785002713664,0.1914183674976325,-0.013269973058738395,0.05209473151336188,0.024466974049599653,-0.029856964705064427,0.06262463374922418,-0.10191810724626729,0.06648245164383366,-0.07878465038161547,-0.002919526809763024,-0.032395128381877164,-0.009156638763391982,-0.03581411381124274,0.0048021883093425565,-0.006270375482360874,-0.00856209377464243,0.00958926042847132,0.004611152347092096,0.00041903173050310765,0.004788243163736265,0.012054761982225833,-0.0062083282555550805,0.010440042866904049,-0.00010162189114206156,0.00046001232995409355,-0.00472937858201943,0.0034134148964867408,-0.00588131993735158,-0.0005549365320002287,-0.0014774939908264208,-0.0021996658077562173,-0.0005615565256271659,0.0010296210864428259,0.000815116232975077,-0.00017477055761956674,0.003538209902780837,-0.00046939368392166363,0.0017257023031665884,0.0007250567733466406,0.0010338275845968082,-0.001328399805574171,0.00023490101872333124,-0.0008980508081706258,-0.0005910042386282942,-0.000760249645333487,-0.000945053396622086,-0.0010146064720565249,-0.00046234046716016704,-0.0002999109241302573,-9.642358346209831e-06
s0470_re_71,0.035872432312725494,-0.12042446257643392,0.07506750668958104,-0.20427818632626843,0.05390311706794639,-0.31299973978515877,0.048495037143282294,-0.4107201431460279,0.05031686456493413,-0.37645452616463143,-0.00039689658513126976,-0.1951272824249101,-0.025089501279055907,-0.015000903214159238,0.012521139780072072,0.12504530322948407,0.014863226234467014,0.19649820665721526,0.02700435102105547,0.1279253289239317,0.04856720779228889,0.04250500009040384,-0.0083615319840693,-0.003949997448217102,-0.05559851536276196,-0.05458461927641537,-0.048252418942250734,-0.05452762259321315,-0.037594232276249626,-0.014725352158448876,-0.0032497647344175104,0.0023532169817169746,0.02776093940862243,0.015580663462348283,0.023459973975862622,0.01777237816721304,0.015947875855425953,0.001834813840233394,0.006790782304626555,-0.004260899023829821,-0.004985494409818612,-0.004599497811831298,-0.004537146955593529,-0.004372750282996201,-0.0019149647575065095,-0.00027773888205376177,-0.0022812134924046264,0.0005281029387100021,-0.0024121215705550764,-0.0010027684677637804,-0.0022551934340547058,-0.000807545422019943,-0.0017424623557981524,0.0010725114594780578,0.0008405972161317205,0.0024261050164204163,0.002837651108751481,0.0027699142351881255,0.0015498931893471672,0.002294984576108227
s0470_re_72,-0.09721843698430221,0.15456874536604362,-0.20581910201392478,0.08946649546761694,-0.2609529069056401,0.0017582712515997376,-0.2817138333315784,-0.1120717169431991,-0.2199895304443753,-0.16992467276550874,-0.1410828565895431,-0.10327804490054115,-0.04246259305001564,-0.01636483969985907,0.08654573004436546,0.04343184020741762,0.12671508698467457,0.10852189060182114,0.08100198939436501,0.09107598615317954,0.05358802889977421,0.00857766423318082,-0.0015691858496413905,-0.030205661132455867,-0.06139149320170621,-0.05040409438433146,-0.05244402602558163,-0.04993361377322548,-0.020413400089427124,-0.007319164880367829,0.0014020770042287188,0.019671797543553655,0.022377964597399328,0.01845229516084272,0.021384243040907323,0.015304531812304569,0.005439332553894229,0.0030784784886844154,-0.0006597885259405749,-0.004779881602701198,-0.004625667248782257,-0.004896128080609292,-0.0041146382280200094,-0.0009741535138155146,-0.0012605723936291715,-0.0012664998962028087,4.563678557972034e-05,-0.0014780841801781159,-0.0020701920491516855,-0.0016305224889599456,-0.0019844661639841616,-0.0008146303105471698,0.0008294992775965658,0.0015479706480232612,0.0024158542460383163,0.0033003195705978206,0.0028647842590679333,0.0025398807412392323,0.0017572278591933123,0.0007714608407760845
s0470_re_73,-0.12443725948265714,0.11092552295033584,-0.2497063442233174,0.07344709427637677,-0.24821988495341676,0.07435055171526304,-0.145019235259362,0.08298047730473998,0.04677369407153559,0.1183698792299245,0.1520395101931713,0.13772957193932958,0.11369740240765547,0.018874878595981495,0.01642024233364579,-0.12192266576487268,-0.10371213260857932,-0.11261770640980519,-0.10871565240443305,-0.034089758022355386,0.021513460706143718,0.04947223947746713,0.08825925017416308,0.09432903292105208,0.05427650404019796,0.027274256757038363,-0.01254330494111005,-0.05858889487977954,-0.06491574781837048,-0.05571414521421739,-0.03984311263393046,-0.003141483392434941,0.028472169594203307,0.04067559043162874,0.04504102056118765,0.03377912973845735,0.01042407789677013,-0.0076554212737289,-0.021922391459516143,-0.03006236734383205,-0.02558952803564903,-0.014323573662566208,-0.0021537984297823154,0.009900047040043353,0.017334720989248542,0.016907742211514372,0.012191082999943932,0.005601242342034201,-0.0025306170843758784,-0.007277613223277441,-0.008745085453969178,-0.008098903039110263,-0.004963375058480004,-0.0012048737805640704,0.0011472160694150494,0.003265348082648394,0.003389634087952321,0.0035122927053211146,0.0028841720495675497,0.0023733533964624912
s0470_re_74,0.0010246086963698814,-0.04121207822643779,-0.03389799055635119,-0.10008246707480614,-0.15769648547904694,-0.14645791974458533,-0.23870531551934285,-0.20392879594658517,-0.18769678222421515,-0.15178945339337774,-0.10749835183754482,0.015338737867727764,0.018039368104306956,0.08720328826626135,0.13848562559135133,0.10396239017608314,0.10362631960686561,0.08881907559701978,0.02521530760614558,-0.0069401999926331955,-0.02538145786119759,-0.06397618228687976,-0.06772992742172582,-0.04750536210179848,-0.03917440887094763,-0.01866023960269299,0.008393565683208292,0.016887250645599636,0.020349219427233077,0.02512256217413504,0.019081797811383312,0.010127662334410923,0.0055521645308752084,-0.0010170703904580046,-0.005335725515128243,-0.0043225743001752345,-0.0042342753935572675,-0.0034728346132287544,-0.000890270788650673,-0.00041719321488052386,-0.0010738512485970956,-0.0017469324321130414,-0.0028720158281051195,-0.0025107463769464097,-0.0011226609522432198,-0.00022830811203731187,0.0013886413934349321,0.0026339226555928104,0.002510535544216639,0.0024217361121967296,0.0020323359284913525,0.0008353744250692938,-0.00024157865075277328,-0.001056079490161528,-0.0016259785642518028,-0.001361102122553033,-0.0008848469912108221,-0.0003928801940900861,-0.00015943810850689414,-0.00020497181141570793
s0470_re_75,-0.11103357641965167,0.1740655505623405,-0.24128558351227547,0.08547526100516785,-0.3155299539470927,-0.046656438640392615,-0.29770041379723994,-0.18992133506077796,-0.1948132634945254,-0.1513280845426749,-0.0789287786435824,-0.03493749818175786,0.09930980583276841,0.05217133514346869,0.13500444992720292,0.13571794760440678,0.08662655355553038,0.06896378739487265,0.04320131193092463,-0.014470975515060481,-0.05226400000797013,-0.05230721889086814,-0.06489835643849179,-0.062189393339848624,-0.028928930339138695,-0.0071523593051153545,0.004532754218188627,0.021305225809858233,0.027249007013579227,0.021230639741295822,0.017016357660258566,0.011934909358247097,0.0017722419098916622,-0.0038510803977389032,-0.003752315791406195,-0.005214056589634594,-0.005460430019838046,-0.001985357572785893,-0.0004800947651829544,-0.0015083275113015149,-0.0012927871255387223,-0.0019114017368416494,-0.003101496714774944,-0.0018769196283019813,-0.0003021170863324211,0.00036243064428399135,0.002039967215792847,0.0032263460062618276,0.0025908665635560883,0.002084093135456204,0.0016784901907273995,0.00017723735007678775,-0.0010352059618088706,-0.0014906079327241272,-0.001697422756527979,-0.001251691230806306,-0.00043116414477127455,-0.0003211586688921129,-3.572214913502211e-05,-1.1094046162338037e-05
s0470_re_76,-0.10658657275945382,0.17407466047643003,-0.23171473307502782,0.08948899089614322,-0.2975714427575573,-0.026926210154112375,-0.29088262273503757,-0.1657282739041792,-0.1974215660730003,-0.16191045210901592,-0.09915398348266014,-0.050239188412475065,0.053777272027594185,0.02508531049115696,0.1397169598223692,0.11214314728248356,0.09315837835949475,0.10330775872033124,0.0603294850110668,0.006477574759065029,-0.012783251230922554,-0.038072542124152,-0.07110473032778497,-0.05946554712461935,-0.04332490201029393,-0.0371990549683127,-0.011858953566830368,0.011705163104651016,0.016439338885339667,0.021809326528254194,0.02652533440985573,0.01841978379431075,0.0096098363763198,0.005638291787917028,-0.0014551093290683327,-0.006392268488817859,-0.0044433365847352,-0.004025859384028245,-0.00423775526788946,-0.001015353786581182,-0.00021024616195432054,-0.001171383334947891,-0.0007444858226882203,-0.0020006670294444363,-0.0030890655710857106,-0.0016629112143743804,-0.0005865196359271668,0.00033997789284656636,0.0019815063932066995,0.002677234245268972,0.002299759324194205,0.0022357317354330733,0.0021238434508813846,0.0008787060830180334,-0.000548128056239443,-0.0013859068166770195,-0.0016665444368030645,-0.0014687409747676182,-0.0006858549710985186,-0.0002895589950774644
s0470_re_77,0.001428125756896145,0.3854319384395656,0.018962701095535793,0.3536442129488102,0.012712527823272245,0.3012591368937343,0.04748934615005,0.16555378600498044,0.09204581859729,0.06944838995976803,0.059065098826520834,0.026005277579433602,0.04433617428280588,-0.0386972398388389,0.03191977721832995,-0.025864380348746035,-0.04072346716233925,-0.01106596874121688,-0.025361221922073494,-0.036204034038900865,-0.01308208934605551,-0.006407350639412636,-0.015546249963034768,0.0020034074835041087,0.007866896584691124,-0.0017752037907486468,0.00528685175695942,0.009435771156579882,0.0026897345935961593,0.003678109818322069,0.005038810022752703,-0.0006132972426130594,-0.001999397954114285,0.0005101574586239443,-0.002400423826832437,-0.003373438368510587,-0.0006873057221633217,-0.0014567917847160016,-0.0007952546877594623,0.0013304640492104974,0.0010421641884812574,0.0007679276905785678,0.0015487701701912065,0.0011276934182448018,0.00048169833258860436,0.0010982246052406823,0.0003185128227005077,-0.00048470567956528896,-0.00028062254274317946,-0.0007470940084435673,-0.0010528772170438458,-0.0006269221662257726,-0.0004923276452817065,-0.0004390735981709023,8.290291707285358e-06,3.0260077246582566e-05,-0.00021207596238860364,0.0002796175959014239,-6.45744503210476e-05,1.4109263958078446e-05
s0470_re_78,0.039645194951803985,-0.11954729699361258,0.08047824591985248,-0.2120912110634661,0.05746999057461086,-0.3252895157291382,0.048233375854889765,-0.4182520541708681,0.04066234779313821,-0.35530258616953825,-0.016153294474800673,-0.15255287656932323,-0.023062096726044198,0.022460873156467314,0.017730322734961407,0.15710450258220193,0.013766746244630151,0.18709045319616668,0.03933889408214955,0.09164830313770898,0.033345166699933926,0.02377149964336397,-0.03723407277492107,-0.02855971580148003,-0.05314751092419016,-0.06325973052884024,-0.04233563844168405,-0.032010811924780974,-0.021109432758286143,-0.0027844521920569795,0.020337454230397366,0.008634878422286623,0.02659262820513474,0.01833313127226426,0.017571520744569066,0.006059430296675932,0.00950231198339512,-0.004085100734070084,-0.002855412200833683,-0.004225679232720362,-0.004993758584927572,-0.0037866140574084354,-0.0013711424589117492,0.00016539897019017213,-0.002469529738465171,0.000989328228284351,-0.002262672973862923,-0.0007607033562976681,-0.002399394286911605,-0.000998590943423825,-0.0021335145886276796,0.0005557767752550066,0.0013585295553997685,0.002178790236969652,0.002648793383258735,0.0029384810320895586,0.0022017979144977043,0.0014914745239949817,0.0006149493722898264,5.7757005966019104e-05
s0470_re_79,-0.09034346230807773,0.14836728655632933,-0.19252989822858801,0.0893138426380092,-0.23876738542482764,0.009020389093754997,-0.26619228098626946,-0.09153201626813552,-0.22109829019559957,-0.1612941722031213,-0.14925868553458335,-0.12575741796392417,-0.06903308346505913,-0.03705571343843543,0.043933811778671714,0.02287980749348627,0.11954987705863339,0.08064582798357973,0.0982151817300878,0.10584683427903005,0.06013458804163552,0.04857035379502162,0.030117030983214946,-0.015975328701399474,-0.030749413972192434,-0.03888299200093951,-0.0635692978460112,-0.05072511209317767,-0.03824825094132406,-0.03505482683938074,-0.009755441187662998,0.0028126249247782593,0.006381631955968854,0.020864463149044162,0.022617876518705775,0.017124304890875353,0.01827798770735695,0.011813237622489143,0.004575810834348152,0.003139204876770925,-0.002222256276608543,-0.005237660164664296,-0.004516116821942166,-0.004904564499478884,-0.0036818445028301452,-0.001481102238785122,-0.001814813284334205,-0.0010424732711684797,-0.00021699589069308484,-0.0015901118440356007,-0.0018710253936069054,-0.001686427844442618,-0.0021726077263059204,-0.0008852689901584341,-0.00016456352587086715,0.0008582096273350622,0.0015599494295075189,0.0023648778866213814,0.001824684469713333,0.0022211766359038205
s0470_re_80,-0.09911393058899133,0.15507276057317793,-0.20946763325755177,0.08990812723961031,-0.2584954107288119,0.0010016857249355155,-0.2793732630096964,-0.1151739474942681,-0.2194117148689153,-0.17213271321021723,-0.1405172973207169,-0.10674124778830159,-0.04370455018096296,-0.017553244896281843,0.08525643504906825,0.04295519757857469,0.1254473148593658,0.10702311033179479,0.08317983038065112,0.09238874827003835,0.05496630715506524,0.013266446146603224,-2.1087501336242895e-05,-0.0311247491692123,-0.06165879401431727,-0.05125588311364028,-0.052146537806344935,-0.049186301775666026,-0.021352039384983926,-0.008903363018525111,-0.00023556959272660476,0.01870736426107066,0.02240477460467942,0.019336274294568825,0.021549975601703596,0.015447732804655126,0.006828139911740977,0.004067383390739431,-0.0011478612723140838,-0.005326286169414268,-0.004451927848117856,-0.004672744705222076,-0.004549679544642474,-0.001591149483860372,-0.0007861362739983451,-0.0011289995171501596,-9.46032350985708e-05,-0.0012455127102728775,-0.00232365998590626,-0.0017504358379069648,-0.0019002917239030195,-0.0008328615471856635,0.0007288646287583341,0.001459588317950523,0.002544970294218015,0.003108969619974553,0.0024091941080565137,0.0024721763245083082,0.001962314092950373,0.0008501957006524193
s0470_re_81,-0.12204351069773763,0.11391582910423068,-0.24405369152220965,0.08014358663323609,-0.23955091196236422,0.07759152102505001,-0.1451367530331731,0.08788524997392329,0.04014910787261718,0.1165483110637178,0.1460124462466119,0.1356784295289278,0.11158773681760109,0.021581364395465485,0.01758910640465654,-0.1210724884882711,-0.0958699511748765,-0.11480711169719787,-0.1108170884700847,-0.03249269049339503,0.015996675132425406,0.04547483148441785,0.09025860895545995,0.09224964705818503,0.056001747424770563,0.032832645890317064,-0.011603226508846308,-0.05605995347886138,-0.06207885480744407,-0.05940776785760798,-0.04442263508779238,-0.00435244058669501,0.025301862147218194,0.038893940681354905,0.04741983248363019,0.03585088345274401,0.013527174063316003,-0.004083857109802928,-0.020758832446942863,-0.030961878983203354,-0.027464082008541932,-0.016989921791594906,-0.00467440944665482,0.009381008599144614,0.017059506065674614,0.01741783326901303,0.014653849222787207,0.006908290000107288,-0.001620942085050824,-0.006690722019558062,-0.010223635638508121,-0.009424153599606808,-0.005634661148507859,-0.0020783853912787037,0.001421588943805049,0.003939562693424788,0.0037137970842483757,0.0039012665251590985,0.002681251638942555,0.0015012947529383883
s0470_re_82,0.0011964068969584863,-0.04013580656778635,-0.02506253974126908,-0.0918461005639442,-0.12270418514291653,-0.12722891563328378,-0.2095864465419224,-0.17279791536957778,-0.19430737781253934,-0.17617911799386787,-0.12465902290258957,-0.05972598529033082,-0.043552882738962385,0.06634426195749782,0.07015832636715684,0.08950392621299356,0.1313358756860448,0.09380648603890782,0.07555534600874897,0.06485299440180334,0.01105115263646594,-0.015295959948126844,-0.030290156568024265,-0.06290755254687512,-0.05948512859631094,-0.04501290869980919,-0.041282092011956005,-0.0171519143148748,0.00287093747895874,0.008620210066626466,0.022011588288067114,0.02545937561558,0.017413554839092012,0.015262715613955046,0.010070021118818403,0.0015340294378657475,-0.0007741177238352615,-0.0040996016329680135,-0.00651286099187829,-0.00343144089633397,-0.002883861141418283,-0.0018463000256521182,0.00014460149930767277,-0.001322232884038352,-0.001430330521035056,-0.0007435373331216907,-0.0019393682533765516,-0.0022357040049175215,-0.0010613776450440042,-0.000570463975350284,0.0010482219147433705,0.002329031239813721,0.0028673062919092494,0.0028934462399813877,0.0022686650699525164,0.0013949155185920593,0.0009635088551302329,-0.00029496800459726354,-0.0004092711085226974,-0.0011345723538032954
s0470_re_83,0.007496524162763933,0.3740304888273323,0.024614266650424724,0.34610775712988784,0.02075258074693282,0.303043811545054,0.03999450194466683,0.19207593563150802,0.08445307373099237,0.08745160310349513,0.06962106552073974,0.04303241467418072,0.03747995334966592,-0.014255354248683584,0.044303021642566824,-0.0441470959403981,-0.0038195832134002693,-0.009630150783801679,-0.04151265821749696,-0.021264737785177196,-0.015722778190561892,-0.030096604776752345,-0.013604250567514244,0.001408203177702095,-0.010531997609893654,0.001937043807518738,0.010764853062478033,-0.0010261124288266654,0.004815447262917946,0.009727681036485957,0.00026273093754838374,0.002058644539235199,0.005867543276862665,-0.00095234105913461,-0.0022987378230238174,0.0003108053166627658,-0.002953650318625343,-0.0027495952564505514,-0.0005414691536574171,-0.0024263458654246992,-0.0006136448028398942,0.0018682672355034215,5.4514805295222724e-05,0.0007167072993622234,0.002350147782924244,0.0011707396040938913,0.0007966376911896184,0.0007582726966187342,-0.00023462679635178425,-1.39568196498739e-05,-0.00013091028143016447,-0.0008039175408729055,-0.00063227045982118,-0.0011038914669197614,-0.001384378917513537,-0.00037076905064124273,-0.0001016534951344354,-0.0004917838985891264,8.022286905940067e-05,0.00020775212345489278
s0470_re_84,0.01437088320450203,-0.16586587242290543,0.04319369039097964,-0.22559516027446744,0.07442482081255578,-0.25815631164757386,0.17304233831902063,-0.2344338429627787,0.2906003146358503,-0.10174894973945539,0.2815580724718081,0.06076846207750993,0.1571280091906905,0.07336744099386301,-0.013033380382463955,0.005966314679400268,-0.1819679332782115,-0.030611777878674164,-0.18297043761909262,-0.0389558458426571,-0.041135014089041334,0.03344926710313491,0.0489695145707311,0.1033286855906697,0.0725176610619588,0.05903218710966831,0.032201422731981455,-0.01950719930493721,-0.05197770967207269,-0.060300880316585426,-0.05907485755904074,-0.0482815533319566,-0.0008703223972347953,0.013486079865110231,0.03932036904181866,0.04278543451753382,0.04176048832418814,0.0165636823645412,0.004945469095540481,-0.01801410033952871,-0.02674487955459892,-0.02808596637970147,-0.02109324599341232,-0.011009859107778594,0.001825645346697477,0.012878697216417417,0.015274696812638043,0.01783011644258707,0.010440770492155476,0.004327543292369151,-0.00356950492635754,-0.0070194477686797,-0.010807384347878982,-0.007504595723102869,-0.0063335711229729075,-0.0027173738403265747,0.00024345778665979783,0.0026692699125063844,0.001948289619845381,0.0028410091366017276
s0470_re_85,0.10672425263108609,0.1816188422839339,0.21131001592336773,0.1762143596781717,0.16479070072791568,0.18718249487035063,0.11526289675914124,0.14569091787277236,0.102149302542506,0.07333022330971725,0.05611572458796527,0.06032345188581175,-0.010985382800242824,0.031487010161645394,-0.0016498971826073548,-0.03139058612518339,-0.0008300664954274461,-0.02841622443269934,-0.039354711278042936,-0.012743444346368385,-0.02416458216162659,-0.02429384206813011,0.000761851208439016,-0.005995274644671263,-0.003952410745215418,0.010157565352198195,0.0019548949816634896,0.0021314247166398202,0.0088433105839791,0.002976590349048574,0.002175215601161885,0.005658678588541867,0.00021305737323098283,-0.0023239689661651596,-0.0005544742565584522,-0.00273321218203958,-0.0025710265789866027,-0.000805967645055212,-0.0015899352879753617,-0.0004339921306152878,0.0009954984396137443,0.0007255229012829852,0.001714150597719618,0.0016235846007884086,0.0006538490683678958,0.0010559223005876378,0.0002884400772780825,-0.0005337491346440759,0.00030697044344391684,-3.961701907597359e-06,-0.0007095131094608555,-0.0008639459242998058,-0.0009180289322786515,-0.0008067766628509349,-0.00041869847198386086,2.7437552629343794e-05,0.0002821954962884748,0.00021079768725982214,0.00014776655208393003,-0.00011709160808265738
s0470_re_86,0.01493882325076007,-0.1619279184342868,0.04594580360489565,-0.22257797254443915,0.08056786112179085,-0.25024196288244166,0.18350305688566873,-0.22204587902490167,0.29828650141852786,-0.08463712182162306,0.26608783618077575,0.06538634980757438,0.1288482905738625,0.05362022662826791,-0.04530083865103715,-0.008997295689991849,-0.19888400580950966,-0.031396903916521876,-0.15151974827559428,-0.024112433479540722,-0.008578681206906729,0.06342873596140224,0.05946452242186933,0.10209846272322624,0.06506897900958605,0.027839267883910133,0.00026720303632067486,-0.04186510410844702,-0.06730543666253079,-0.06110341151498929,-0.03587523695592141,-0.02373240966530373,0.022867132906620756,0.034928123570347275,0.04632221184450048,0.03442164477623447,0.02553818017152787,-0.00516509942694091,-0.016494852346452572,-0.027082022074123673,-0.027618185649220493,-0.02035456811495067,-0.006436196497769818,0.005097249369147234,0.012943759279367861,0.019518240990766805,0.01344868885915922,0.00926957808653301,0.0007806343183901251,-0.004404187892380071,-0.010116869602074977,-0.007782603608140454,-0.007305955059872769,-0.0034003035917002777,9.835382028211499e-05,0.0029941674974764427,0.0031221534121217355,0.0037263436703681794,0.002283510248798483,0.0022063802535100263
s0470_re_87,0.10643264982607714,0.17911241647390758,0.210175322660355,0.17395453413761253,0.16789669460413995,0.1840104347085544,0.11748100866077148,0.14680398644072654,0.10092488557140586,0.07664638617221793,0.06574784877739936,0.05502025833949694,-0.005257547418026192,0.037562183785703265,-0.007696870287419382,-0.021869415783584544,0.0023401114781879616,-0.033954355423612706,-0.031361543441390645,-0.01246470421653987,-0.03150412378223539,-0.020176164234899853,-0.0012689342902957499,-0.012671487723747312,-0.0007459879790480527,0.009676598635067138,-0.001295241755050161,0.0056575528180739035,0.009237020738342755,0.0010080222851320346,0.004026813102256943,0.004338049063110028,-0.0015528716940571567,0.00034755926107408227,-4.2893521504377e-05,-0.00414421599921574,-0.0017271146096051531,-0.0013945116817349115,-0.002403386294108638,0.0001648144402172429,0.0002715272448796435,0.000137523967609041,0.0016669874820919967,0.0012805998883202933,0.0013983682615620323,0.001550515484157124,0.00032536085179475736,0.00017645998093287292,9.636132475223683e-05,-0.0006543321810784044,-0.0006053526691706379,-0.0007477177231749949,-0.000973497336590847,-0.0005705603030520959,-0.0007161528324557098,-0.0005259872593265192,0.0001056085600008971,0.00015768593509833174,0.00015390685185061897,0.00024998425899255795
s0470_re_88,0.03524648102741696,-0.11522361568354304,0.07371906225856707,-0.19977738981167004,0.054855653806378565,-0.30818357829083537,0.046657137315318196,-0.4047195889876105,0.05023308985362358,-0.3776247557166302,0.002948761968634622,-0.2079745599420364,-0.026860175143409926,-0.026979744662225805,0.009904139096669195,0.1093692622344097,0.015461462501275357,0.19212542373583327,0.0241162877677959,0.14079831462533834,0.04719402123246032,0.05134475803325657,0.0039004286424920128,0.0044347030370231605,-0.05136079397048801,-0.04672235481657192,-0.04935692996155774,-0.06013921885831566,-0.04101412878191983,-0.02168985924341114,-0.012505801523947273,0.0007561024146065179,0.02354838745642191,0.01183846286090669,0.026224749692516484,0.018824221296059134,0.017445010573528145,0.006962249461449503,0.009699363649907344,-0.004041724639132312,-0.002199418141281742,-0.0044342526695142276,-0.005859242183942453,-0.004930713820580331,-0.0025874265025297846,-0.0022216424118981027,-0.0023206565878733493,0.001094106329164843,-0.0023654647120011996,-0.0006092468955533261,-0.0019135534757156784,-0.0013035800850881812,-0.0025327585987416253,0.00022319496303043108,-0.00023589909922539935,0.0018100111082416926,0.0022425853407189015,0.0025979485890935397,0.0020711560632663173,0.00168271895709151
s0470_re_89,-0.11630574833569696,0.10640509091191767,-0.23046009617191318,0.0756934756111699,-0.23003920068644448,0.07091135032034365,-0.16030605536005216,0.07886770217891624,-0.0006951838814934871,0.10145369937098023,0.1256465334949849,0.13231542604633098,0.12769768285822944,0.07735955920988992,0.056074176137611065,-0.06419083445971543,-0.04195038354031811,-0.1298722042817853,-0.11765535767308817,-0.07588154442757822,-0.06237291859515663,-0.0011281063757046406,0.05289380739718661,0.06518359134594628,0.0839670634952743,0.08206898196030121,0.03803637266051416,0.011362786691155457,-0.02058232776532479,-0.05925985778964949,-0.060874101463450445,-0.051676368427667284,-0.03836822893631518,-0.0034722675804920423,0.023388764021850052,0.03536199898526027,0.04529349143878846,0.03731374935216025,0.0172447704682209,0.0017847243799444447,-0.015504398529992025,-0.02729734990778606,-0.026929241901753873,-0.022872171315848327,-0.012408373354911528,0.0020819800382250796,0.010278144572448841,0.015558442513245448,0.017149859484462356,0.012031566539348115,0.005424675840343165,-0.001116288070284329,-0.007695128616762425,-0.009318359788651092,-0.00974983269874354,-0.008111623873490223,-0.004186835743123056,-0.00039181253714176364,0.0010855434023592612,0.0024487454166386875
s0470_re_90,0.002329496820593416,-0.03685848638033109,-0.019948258930318125,-0.08186080259917575,-0.11331290199500947,-0.11811204491577984,-0.19812917792018037,-0.162828942224314,-0.19036087998250145,-0.17154117171152317,-0.1264805832656563,-0.06855403767168783,-0.05615688413983762,0.05236709141753018,0.056120437532681026,0.0794550034440356,0.12453383131006845,0.09110820344505617,0.08229854067779284,0.07521893445294278,0.021365923975802614,-0.0023211857029641968,-0.01899728721079517,-0.05617418518242381,-0.05573192462144112,-0.04781556057206177,-0.04881914475216409,-0.023754812138668705,-0.004921615320221872,0.0017834355865186476,0.017959171388394507,0.022978394510257804,0.017682455554919322,0.017613541993919724,0.013121826598184574,0.00485129999261916,0.001427436908223964,-0.0029503233376135148,-0.005579207096669189,-0.0037877076085726697,-0.0031490519885381753,-0.00259825610021877,-0.0007461704030212345,-1.34012828062071e-06,0.00036440188818049197,-9.201636692435721e-06,-0.002080331037139508,-0.002227656970777835,-0.0018923173245643397,-0.002248032396608436,-0.0004426647523498299,0.0011434586454112119,0.0019191524335541318,0.0026796039044959686,0.002713168786227628,0.0022121790227753457,0.0021860649229169756,0.0009044109096283197,0.0005376898419477053,4.592906456899181e-05
s0470_re_91,-0.11804922049205371,0.09598612786287607,-0.23606846168895848,0.06255675601058662,-0.23498602723751078,0.061142553185392245,-0.14785140046019365,0.07787724220434131,0.032120481960005595,0.11297899603518483,0.14449292402113156,0.14161754382048658,0.12171699443351315,0.04675871619399382,0.03340487032897976,-0.1054944483702338,-0.08392171296547589,-0.12229869933671075,-0.12048980960152932,-0.049996773295823735,-0.009851983233425239,0.030089322529231754,0.0828374116096801,0.08864755357572546,0.06733143706442479,0.05432718976301757,0.0070737742959388495,-0.038436562492822915,-0.05175471554953072,-0.06491604411956399,-0.05620761024298133,-0.021106764527946076,0.005218200797821605,0.026996711133149248,0.04557868365511107,0.0419360873134688,0.02672819349528492,0.010322053895054889,-0.01014735448851845,-0.024744074014904645,-0.027287729725165605,-0.024127246859121456,-0.014577061296737671,-0.00029570253581808663,0.00923977791029785,0.015203412660161517,0.0166743197078536,0.011958345144988052,0.005371645577901376,-0.0006557761515157061,-0.006771163869169559,-0.009141592632120043,-0.008412334506797943,-0.005771548016493199,-0.0026755255112498985,0.0005819342956633389,0.0013909518695084664,0.003094485540541529,0.0025002145039876196,0.002380159746886051
s0470_re_92,0.10657163507826345,0.18423418734905234,0.21227405757079199,0.18004913743937082,0.16923967441475216,0.18976898017321459,0.11787381769413231,0.15006657457084957,0.10087730625427462,0.08142004334116773,0.06276988958757175,0.05677415923763936,-0.004119446274628226,0.03776747904663028,-0.0069181334892205884,-0.024063535053317944,0.0030296751684923792,-0.03147543252185057,-0.034433086837170536,-0.0148410107031619,-0.030060816309883633,-0.020611566129579893,-0.0013566337820338033,-0.012185136173680926,-0.0017690790836677622,0.009296665381248306,-0.00033733738376401796,0.005220018847078503,0.008819644668463196,0.0008868633595294147,0.003930086226847489,0.005740540718088522,-0.0006167019324094818,-0.00017023845303830895,-0.000741474760077851,-0.003845133048819806,-0.0013964524658969892,-0.0013024254945084724,-0.0028522744885102996,-7.948327747742904e-05,0.0006145338861630446,0.00021958460267410178,0.0017327229688042086,0.0010917755942376677,0.0013188079968311148,0.0016658447601815465,0.0001501342693160749,0.0003506119938804666,0.00043949054326255013,-0.000626740818946916,-0.0007197267468688828,-0.0007003466065386997,-0.001005076536832196,-0.0008248790087595471,-0.0005601525495800079,-0.0005219203156903802,-0.00016427111661929916,0.0002869654646827742,0.0005764700070641391,0.00034278283675473806
s0470_re_93,0.1423821159556774,0.08732122343765583,0.3120625875722029,0.03266168549323024,0.3398271828414612,-0.039266069358515836,0.37516415391105834,-0.1233008426603674,0.3500830932003559,-0.10337266380390818,0.19279530481365761,-0.01584512404114226,0.05034563326703169,0.0283690073869348,-0.038648409442497485,0.07291599621507826,-0.10772442971878758,0.06380406483504754,-0.07302531270258115,-0.007242857117795969,-0.03638286729924875,-0.003511889730478325,-0.03573249163537592,0.00011227832290934726,-0.0008352830616032178,-0.008677904249988256,0.004396053321961975,0.00965743926346239,0.0009390900941672456,0.0012673676907324688,0.01519356588391463,-0.00454397068174579,0.005728253916717726,0.0007589568577452851,0.0034114673844376844,-0.00623468240319625,0.0037395521838773406,-0.004810044068914423,-0.0026768750310619564,-0.0013472548991956888,0.00014361363057976224,-0.0015690175501605304,0.0005711670683836285,0.0021915011798653763,-0.0005935148148536765,0.002460540728694744,0.00044105914107026896,0.0012323647174381127,0.00012351718011537467,0.0013419736199991512,-0.0012511413535124583,0.0002656120605326436,-0.00039547444293645345,-0.0008099313980595487,-0.0013354963784078199,-0.0006573862504569375,-0.0007794059897799173,-0.000587895956011767,-0.0002465879003584625,-0.00032217039933074256
s0470_re_94,0.14518267794112824,0.08607545316309075,0.31887805901564314,0.03019938504717798,0.34394719080917313,-0.04547913250944219,0.3829526753675623,-0.12935703787198874,0.34238421254215473,-0.09462842336532025,0.17358487320468657,-0.007928728493348679,0.03567100809406289,0.031014908686453825,-0.05771707931667646,0.08121635880661018,-0.11319889112840618,0.04691894038474757,-0.05759832260550029,-0.011306963774373608,-0.0404646534103142,0.0028799133348288257,-0.02746363515065282,-0.0067734664836389,0.005568650491950101,-0.001151835589449239,-0.0003243441533897635,0.00954230151958033,0.008654437314549557,-0.004554355255639504,0.013170038963697414,-0.0007625171187125281,0.003441938793962344,-0.0031626951549168407,0.0047899164088679586,-0.006294291037980397,0.0004948601373733257,-0.0031203231623532835,-0.001897621564542328,-0.0015955081957780106,0.0005945246034900124,0.00034606007194834396,0.00017911205914243638,0.0034164183716787824,-3.7896216822672376e-05,0.00141863971898695,0.000301110872918837,0.001582294015325847,-0.0007221483458472788,0.0009322655730746463,-0.0007361322614586336,-0.0006594235048404827,-0.001112314290839327,-0.0006935013462039571,-0.0009521852264546077,-0.00026155122674985555,5.673658144073475e-06,-0.0004432370688403944,0.00016697339469079516,0.00042732983582030197
s0470_re_95,0.041598449909868926,-0.12279787435804386,0.08560765790653338,-0.2231970974311728,0.05893376849888054,-0.35102383215498373,0.05746034621422865,-0.44650152700543544,0.04173240932466022,-0.34258179144351647,-0.02288247907758961,-0.1220387348532961,-0.008878487276394224,0.05538570356720575,0.015807798694231073,0.19312991158168863,0.015266400130355807,0.1663873702079437,0.05405760629283906,0.06588595613842875,0.005101729505163125,0.010958823527923291,-0.050539254658459314,-0.052575855771503616,-0.04933161222195425,-0.05453056903493398,-0.04276638508957883,-0.01600684588082451,0.0022370934514635487,0.0007980798604142542,0.026665583403612345,0.018720809307860305,0.021977521041473103,0.011973322428994427,0.016173829299510237,-0.0010866594719670189,0.00016336870875231804,-0.004010717068456889,-0.004825344708537091,-0.005051367779926673,-0.0019828945596713924,-0.0012527791004399212,-0.0021095922197877383,0.0011789722893281525,-0.0018506405830887344,-0.0005759143538370444,-0.0027343918245239917,-0.0013969551380651403,-0.0024431518879960497,0.00016216213294279432,0.00041249735039534767,0.0019365805999155218,0.0030677492319311508,0.0030706233777586267,0.0021754421859465946,0.0016267975628546849,0.0012962521759011798,0.0001217341191743204,7.419658017209254e-05,-0.0007747235504615795
s0470_re_96,0.008171525428223386,0.3913314440929342,0.02731226594261524,0.3609602921510709,0.019252087185489042,0.30574085771680465,0.05261377890770853,0.17393253541305084,0.0943398991695172,0.07615874462444626,0.05781403392587846,0.029301903270464256,0.04511178411580061,-0.03874997889938763,0.034491489154876605,-0.028484642290905526,-0.0343399255850137,-0.010794479631463504,-0.03145646716110464,-0.0360061597223708,-0.01131367002064407,-0.010270040632036598,-0.01625181848224266,0.005061179273033724,0.00655897181018462,-0.003151217383377938,0.006735749366216482,0.01022459989156549,0.0019152301094248262,0.0039296321820817244,0.00469777963824559,-0.0014941886641067527,-0.0005439798900281175,0.000614286987901512,-0.0034333570717129066,-0.0031966864584051648,-0.0009461223092656992,-0.0020333041656581006,-0.0007545785819181045,0.0015709172022861442,0.0009582569098186661,0.0011316419103042145,0.0022029042418389216,0.0010783575679412332,3.976550681552496e-05,0.0008319026429374181,0.00035931173851512337,-0.0005680670184756909,-0.0005179483447300563,-0.0008089424830053074,-0.0010733153978226809,-0.0007386575057645655,-0.0005974628280695084,-0.0004333953815226438,6.162568119324272e-05,0.00041571214298226724,0.00021823711212555266,5.366925463455667e-05,2.821817437816323e-05,0.0002109960716394637
s0470_re_97,0.03772846648221031,-0.12688629149522307,0.07930919763655549,-0.22433899689996226,0.05668374098443508,-0.3463277609063252,0.058401404811208056,-0.44045816139407296,0.04875193319814951,-0.35985521605068577,-0.015408143569211922,-0.1462816134119047,-0.015578174958934002,0.034215737839418905,0.01934063382041757,0.17772361557631555,0.014165377428153747,0.1860588818109392,0.04745024061896216,0.08189270195822342,0.025914008031343888,0.021236747063584183,-0.044659241254150446,-0.039055606009786255,-0.054534537279545076,-0.06495321120696326,-0.04747515496009165,-0.026166207617809054,-0.014592915888080017,-0.002270021315959983,0.024301195295277887,0.015588505896736623,0.02639544448590163,0.019152318582577016,0.01791108527413527,0.0030570978352973187,0.007636847280562086,-0.003370451842787047,-0.005013735305936081,-0.005859081526646021,-0.003795259491321823,-0.0044993829456995895,-0.00239434673869966,0.0005058395323635384,-0.0019399892043821204,3.156654490555624e-05,-0.0019519401068923685,-0.0012122523173748664,-0.0024356784103984354,-0.00016628437585784224,-0.0011926893044468102,0.0011121101381027295,0.0024828981604859816,0.002997108598407848,0.003043653393943305,0.002707589552731135,0.0017523801252597921,0.001324947735070311,0.0009715449591438478,-0.0002511465276640796
s0470_re_98,-0.10004379093971671,0.15810413307740218,-0.21315688986495177,0.08819143014039992,-0.2686190330553404,-0.00303908428627549,-0.2796307890732566,-0.12306458449125979,-0.21132624305760117,-0.16777281458535276,-0.12798255881802567,-0.08489742415812343,-0.018187039269147217,-0.005211996402660572,0.10933975560989707,0.06047300854971495,0.119350060309711,0.11841430869755869,0.07172842977304633,0.06618350164682846,0.041287377590031295,-0.010650953231613709,-0.028006886308092907,-0.03872043734980678,-0.06756420463153773,-0.055877603538333015,-0.037206931813895436,-0.034264056699408,-0.011008561913218222,0.009807471128696711,0.013501601666512063,0.02185415472575849,0.025401634593130412,0.017002913659785287,0.012616394671283273,0.009403535327645788,0.00018046818659551777,-0.0037179349992568465,-0.003413564993875796,-0.005988588686280285,-0.004642229077578348,-0.0016875245614762777,-0.001913805814368472,-0.0005845879259337888,0.0003621881669970874,-0.0009177874021931464,-0.0013539013751645175,-0.001798427281383362,-0.002355418377709726,-0.0015763300874653812,-5.37450034863759e-05,0.0011111217750817306,0.0025231669651036995,0.0029567575780625535,0.0025495365426307145,0.0024449752184644746,0.001957184045051395,0.0012188625317717167,0.0006543221772991465,2.215384844084611e-05
s0470_re_99,-0.09745414739333691,0.15557874429159055,-0.20743999498754073,0.08621720675334904,-0.2676180358259507,-0.004942619207701649,-0.27833569241676914,-0.1286016979184374,-0.208455810229925,-0.16987146242582168,-0.12396376591043687,-0.08258307379863816,-0.01718476006626899,-0.0012224970468962218,0.1111879583160389,0.06200485571849429,0.1162256989701809,0.1171169175646634,0.07094044275004482,0.06366796459433711,0.03891351780093102,-0.012000939401502458,-0.03123053592493402,-0.04046860762204978,-0.0658445122901122,-0.054818490370173174,-0.0354652290874093,-0.031080534655912317,-0.008464604135405207,0.011671945386283362,0.01381438253934369,0.02092799086073938,0.025318252825314923,0.015868243220919228,0.010338060546104215,0.008384937650549259,-0.00016792710860307665,-0.003858502135790403,-0.003428331250611008,-0.005670355520232005,-0.004158852968123628,-0.0014034532101902624,-0.0016252111275136902,-0.0005941291720788942,0.0001966461323271456,-0.001184001171718001,-0.0011543959271910344,-0.0017904547960718058,-0.002678498886775585,-0.0013982034612257533,0.0003461274096961385,0.001179011113238256,0.002474296291931223,0.0030476545702754457,0.002901102025746414,0.00200814969289122,0.001647372480375387,0.0005541223896699418,0.0006812160880327323,-0.0003482774935839776
s0470_re_100,-0.0924533855782901,0.14912545277232836,-0.19829976446353037,0.0856672607818816,-0.2520019183795132,0.0005136259773723516,-0.2752196780170372,-0.11119214338226963,-0.21818663490978651,-0.16950081627418542,-0.14091995919693734,-0.10653615032885999,-0.04837266619062013,-0.017689201986438023,0.07753908016453857,0.0378478411553847,0.1275921577399863,0.10450153785491675,0.08369109882554503,0.09460535184942799,0.05202306973362191,0.015219984629701398,0.004343883188104519,-0.031723221368502565,-0.05567676934765848,-0.04726933561070473,-0.05642114354906989,-0.04939842928156798,-0.020949565182370507,-0.01235598762042505,-0.000873190517689497,0.018993612171544525,0.02016627275803385,0.019221810746523,0.022105414534085804,0.014031021285389847,0.007887440241333771,0.005368221466687638,-0.0015214628620764611,-0.0045083684185822336,-0.0036773387536788555,-0.005121370122775294,-0.0037286613340658703,-0.001153968288882375,-0.0023393705668078506,-0.0009925199671415937,-7.643025043115331e-05,-0.0016065107427182214,-0.0016360552886798489,-0.001708368196943687,-0.0020526465142247344,-0.0006754978749713612,0.00039443536967905213,0.0010125479192605777,0.002467266020043046,0.0031248718101920233,0.002593862358651784,0.0026397565607614686,0.0015600735492600016,0.0006227410598581995
s0470_re_101,-0.12013408627681829,0.10299838979309947,-0.23762183363577394,0.0686532550708882,-0.23515702211354084,0.06662328064670707,-0.16018631024967053,0.0770576546745075,0.011472687493955682,0.10795592452235411,0.13614910103485867,0.14040660800637705,0.12949415489602492,0.07065061922910305,0.053493217744149786,-0.08091782199228686,-0.05778640465750697,-0.13089662363701846,-0.12541737387408436,-0.06946129943479233,-0.0466182341116338,0.007038975271250671,0.06691219700807796,0.07719004978481055,0.08113007937662568,0.07852997794195127,0.029098429426832953,-0.007890902383308635,-0.032384087308214994,-0.06540673355164832,-0.06412558939339415,-0.04332447603487598,-0.02502136392959601,0.008705274623204008,0.03524991765854018,0.04100014020241281,0.041924268001223536,0.02993591150532183,0.007619567166860822,-0.009222827528455893,-0.022096585196165485,-0.029599712298732428,-0.02551137727499356,-0.01545553292706731,-0.004455362914177966,0.008134269479923266,0.015160161930361822,0.01631200388641175,0.014207740656313297,0.007887947916473742,-1.5104149606842612e-05,-0.005126919246371672,-0.009111019513273743,-0.009657434464524472,-0.007882805336435117,-0.004758655739106624,-0.0019030959738872686,0.0011264751382606848,0.0013337786347694526,0.002650852982977105
s0470_re_102,-0.001149005217839183,-0.03863892218692332,-0.027657883472076,-0.08687246986316717,-0.11897198569350388,-0.12408731466192006,-0.20517652776419135,-0.16914013073825215,-0.1977840140939449,-0.17435495598685907,-0.13278435072588038,-0.07376786655957651,-0.055662479270166175,0.05455818190125495,0.0563841323126008,0.08655720561134583,0.12982050319857646,0.09381170271926419,0.08801121023182859,0.078851114264168,0.022121651000916655,0.0010743374991794453,-0.01821161166886835,-0.05845882903920871,-0.05683625083494473,-0.05235011906240025,-0.0539320371502182,-0.02765139812439209,-0.008232332239964163,0.0008331198986912772,0.017753862834459976,0.02345103514376599,0.020584080765876464,0.021254124177939725,0.015939676127478198,0.007119294121556036,0.002803341366703417,-0.002249075385588881,-0.005960468053853116,-0.004782888215661981,-0.005119128874292603,-0.004052351004115739,-0.0013019311139119045,-0.0012732434119764116,-0.0003671224623253342,-0.00027697850151177817,-0.0015923379424930566,-0.001658676156656201,-0.0018109649651993132,-0.0014921397035690292,-1.435671160116286e-05,0.0008686058767690156,0.0024354960667443116,0.0032743237444826123,0.003034039366122282,0.0028807083888975618,0.002421847278029648,0.0010710057858305648,0.0009699989010515774,-8.467090290369688e-05
s0470_re_103,-0.12253484769020981,0.10851373683008025,-0.24299914063896266,0.07392416268820225,-0.24065925220390266,0.07693250078843941,-0.13902587983769843,0.08769312536639141,0.051419913933503626,0.12322400064515666,0.14850034437484602,0.13791315364583118,0.10814409812307041,0.010479219389183598,0.007512330690840818,-0.13011577786120765,-0.10821080793363697,-0.10924299695555222,-0.10134087261276147,-0.026990388052044997,0.030652504416898197,0.05723202711625734,0.09059584702220462,0.09314602462847425,0.047033811296989726,0.017391601454956298,-0.018896044007499807,-0.06351526851962556,-0.0671578973515539,-0.05330863818489405,-0.0337542911004149,0.004705834090970565,0.03453254694626073,0.043847872760704294,0.04430999503916238,0.030538839078784324,0.005324584491861006,-0.013497523694054405,-0.02534841405417589,-0.031536436800232805,-0.02423137941323552,-0.0104173126230234,0.0016575736656489278,0.013741897502553752,0.019392227771207273,0.016210929213350517,0.010783666637295311,0.003040208678222639,-0.005250767000562815,-0.008723843179081142,-0.009669179089335088,-0.007918613246247989,-0.003226083509529049,0.0006054303234997665,0.0026459902313130373,0.004420867460550705,0.0040548755520365565,0.0035108059257716526,0.0027060701669155067,0.0017145396415639378
s0470_re_104,0.0012742808522232137,-0.04178706720908815,-0.027034396902634244,-0.09389127184175416,-0.13383018511645534,-0.13315150353351224,-0.21916796931022772,-0.18512365814975576,-0.19166898696235157,-0.17113490344015467,-0.1187983113348907,-0.032285529276374784,-0.027844769880319656,0.07559475411056393,0.10023101639221481,0.09391638440557627,0.1264777183397784,0.09576752676348696,0.05498717425827763,0.04547668766386064,0.0010555505073160131,-0.04103767400430109,-0.04510922724685212,-0.06004556950441227,-0.061665143846657236,-0.03599344004964757,-0.02243721000065547,-0.007778517127029555,0.015222794813027369,0.021216842493545406,0.020308066798224365,0.02259588743715472,0.01518749784263921,0.00712518550690839,0.004237700210660263,-0.0015939929550469274,-0.005365486990382776,-0.0041064826899311875,-0.004194912430809654,-0.003032213573240657,-0.00046226209947392965,-0.00084735864037845,-0.0005622636427841919,-0.0008104478337318187,-0.0027204815388578215,-0.002173949843633184,-0.0016736499755221161,-0.0017916713647583716,0.0003173581102153068,0.0016656785109633982,0.0025157789716217806,0.002960143327026926,0.0025087706452464114,0.0016538831656373258,0.0006645860308904343,-0.00041876770864915857,-0.0005454333532623008,-0.0011482727508349256,-0.0012993389625932665,-0.0014112908923258015
s0470_re_105,-0.10294047548257586,0.15973300844377564,-0.22072967570083887,0.08314422549931996,-0.2808362992765177,-0.017291628202185275,-0.28901803083731525,-0.14332877103418024,-0.20825214024669053,-0.1704574897780765,-0.11849909064606128,-0.0705308720393909,0.011338843913514503,0.01056971249665205,0.13059131947466876,0.0847118330812001,0.11101183547802691,0.11774632058746884,0.0666712510446693,0.04029388182318925,0.022691640438311976,-0.02425762275470333,-0.05340494946604942,-0.04903669161459781,-0.06266496433899822,-0.056892136955635685,-0.025204612402095934,-0.011988432169826526,-0.00022739670515800516,0.020321942555130045,0.024139511805018724,0.020589225567081367,0.02164695902417949,0.014947517296038802,0.005282208266528464,0.001991306890745835,-0.0025110162939119035,-0.0067593497388410435,-0.005058796027380754,-0.0037874202061062867,-0.004167994406517823,-0.0015741377741267705,0.0001224231529388956,-0.001159976739120287,-0.0011175921335861898,-0.0015301072979809023,-0.0025682751258594787,-0.001545923506007034,-0.00018166088214782047,0.0004241767474874896,0.0022208508244293424,0.0029331013742803966,0.0028379789715814526,0.0026593171906357307,0.0019022684090585604,0.0006549868277232386,6.861738380429557e-05,-0.0009806795078601376,-0.0007805899440955704,-0.0009059729499076151
s0470_re_106,-0.10125979037458188,0.16457596464040328,-0.21625395302708,0.08942921640843375,-0.27888067867066785,-0.015889670437005107,-0.28712781260679004,-0.1428022480649188,-0.20812435959373732,-0.16796412200878863,-0.12281991179759429,-0.07224190798898594,0.009109895088911761,0.0022797076232997783,0.12466124985082527,0.0836483796786152,0.1077014445544594,0.11943584112082688,0.07095746792511333,0.04132248233529845,0.025333628360713293,-0.020540249223494306,-0.05187156445327507,-0.04771374654009503,-0.05977315947087675,-0.0559820889435978,-0.027718058229897483,-0.014209075517696845,-0.0019050904362426279,0.017923078884624518,0.02224791031344384,0.019869459442134377,0.021002808724612177,0.015221534442362282,0.0060104082993213135,0.0023272425002355056,-0.0018249588314730328,-0.006316201321929953,-0.0049567945426498995,-0.0033909341060386977,-0.0031367144696405063,-0.0006582992191902025,0.0001889373701120901,-0.0010425513206215205,-0.001194341469259079,-0.0019496397941736212,-0.0026053236372405655,-0.0017178052756046031,-0.0008022402387160301,8.508860737882863e-06,0.0018313448581690557,0.0026927257725047568,0.002636160339445525,0.0026759518936355885,0.002187699258188989,0.0009974400759234722,0.0008771277323972966,-0.00035656067771712397,-0.0007870061683829375,-0.000927237060259342
s0470_re_107,-0.10126829231000041,0.16315213181722665,-0.2146999114999986,0.09201018464475949,-0.2732281781625879,-0.0072675238374167676,-0.27746671362635095,-0.13412906213613818,-0.20168066225395165,-0.16878726446032613,-0.11839668846385074,-0.07380521546788056,0.004167884440360511,0.0006993127614175027,0.12075071353206104,0.07568484204576263,0.10532364442582774,0.1184094615564864,0.06924186933243129,0.04431021170185571,0.027974512385488513,-0.018298557147121017,-0.04735931792531114,-0.044274159547139584,-0.05955590711090791,-0.057506689154051716,-0.02787682483806622,-0.015518484486845468,-0.0037886991020183135,0.01699785223004108,0.02099025034614122,0.019305320077772865,0.021430924921743186,0.01531338521795902,0.006417180603716754,0.0024093408421240726,-0.001965922503212937,-0.0060332556127183495,-0.004735744991310132,-0.003547910245818369,-0.0036340926226584025,-7.706888943879279e-05,0.0012350536417512288,-0.0008727227237112711,-0.0008857747503863229,-0.0013674143583896918,-0.0024813470541005904,-0.001737614347858311,-0.001583298424201947,-0.0012934943355889423,0.0012847433645795053,0.0025072526509219797,0.002572557359387244,0.0026428584971376944,0.0022773026157542732,0.0014312920203837511,0.0011777739198511434,4.765103705304097e-05,-0.00022645711586780244,-0.0008107704053981158
s0470_re_108,-0.12050940490985095,0.10821374339322229,-0.23695700289326618,0.07337620551379684,-0.23420716413201836,0.07634244663529609,-0.12762596617553532,0.08440223979102716,0.057489540781483876,0.11787548235484265,0.1461450854659139,0.12692489241853855,0.09801079505187624,-0.0032904024799216792,-0.00012465816517862063,-0.12960419774432647,-0.1110152244101016,-0.09693761235330224,-0.08714087412447576,-0.016226553054263747,0.04317041977380554,0.06447749217819071,0.08620445851315975,0.08477636997052802,0.03660001791948591,0.0010225169872165934,-0.030220287322065588,-0.06688773304110464,-0.06485368955094573,-0.041163241668707315,-0.01857032760578404,0.015315872520165235,0.04137615229016236,0.04337443299706591,0.03547080504016474,0.02000099878349595,-0.004100936878644037,-0.020979690011944132,-0.02650027280911388,-0.027725432277570867,-0.017837084926970996,-0.0016038118494874614,0.008443315444540746,0.015540305840453742,0.018062815728668708,0.01264756852417831,0.004911589720925991,-0.002005789561303094,-0.007433403535063646,-0.009094995123451492,-0.007700864719560426,-0.003853038928261473,-0.00019359393213887148,0.0020480794296340683,0.003168355362600983,0.003922733325306656,0.003309463953870177,0.0024576084156990533,0.0017185714366089548,0.0014795332410581555
s0470_re_109,-0.00031660586314775983,-0.04079207035332107,-0.026285519896704586,-0.08955158093750616,-0.11966023009505979,-0.12897772282218153,-0.20656209762595562,-0.17107744592040064,-0.19343094718187312,-0.1723840299637171,-0.12383486010237192,-0.06661979660251476,-0.049829820494977,0.059866270192670164,0.06315228312961378,0.09188851811578193,0.12944318004621694,0.090097154369229,0.08255037842049237,0.06893834553638942,0.012723529187143324,-0.007218304755575486,-0.025709760867821906,-0.06086271177281185,-0.05574170091914196,-0.048595964177290965,-0.04650267706362975,-0.019921065111544987,-0.0018660619064390274,0.006247932963586917,0.01980141416903351,0.022990037648162584,0.01969563929155644,0.018808078729269664,0.011459447076825892,0.003476781102767426,0.000687268642441041,-0.003933493281522789,-0.005849662021157425,-0.003907375518987752,-0.003965995920955162,-0.002823175983777099,-0.00065300638895352,-0.0007897737390454872,-0.0008757092100046567,-0.0008752932178067529,-0.0019382059888121144,-0.001986625838455734,-0.000978450558945521,-0.0007044243922327797,0.0004308269699822455,0.001900370169450298,0.0028675344189402355,0.0028723370008859445,0.0024694508423348956,0.0018778146365362972,0.0014860455806983682,-9.546401546853562e-05,-0.0002549763659916151,-0.0006066490644950402
s0469_re_0,-0.02479812097442929,-0.06741711043393667,-0.05223634788955533,-0.07838418358576676,-0.08336257921183286,-0.0505425189577084,-0.06630232278820494,-0.0035751220461933456,0.017968589815350704,0.052248480760033134,0.14049600988822278,0.06810975697268568,0.1680067958514912,0.11128593762941315,0.0016547651867149017,0.1021665142420692,-0.0914232074030645,-0.09261371132434376,-0.041388859015404206,-0.1858600999425868,-0.029769309163890433,-0.05949979469111958,-0.04360403683256936,0.11476545871231701,-0.019231372302591917,0.1227163259381,0.10519632065882419,-0.03717839919356541,0.1173264100284499,-0.05730921591425363,-0.06381324681706099,0.014143961187720981,-0.13428385773252718,0.0024536836860029484,-0.027469018389661086,-0.033122580417251406,0.0878781157527697,-0.021026700864295353,0.06844896552035519,0.05107341133451447,-0.03232841016510483,0.05384341057197433,-0.04550299909121155,-0.025471394765921338,0.0012346837048828095,-0.06194598629569754,0.021336839824826932,-0.01768630491137011,-0.0004550812870624446,0.041038117571279814,-0.014232611141637949,0.03593806875850922,0.00770180538614819,-0.013182833990851834,0.02143318259955772,-0.028412545673291503,0.0034258773017498394,-0.005053845686031222,-0.01577275102326962,0.01347047669551325
s0469_re_1,-0.02473929781602686,-0.0843558560269078,-0.05792198514346009,-0.09871145258005351,-0.08907670227704181,-0.04320879793645435,-0.05469944534804165,0.04923688881609134,0.07481017893108638,0.11849913443874387,0.1449752729691296,0.14034789782973656,0.060550379750866426,0.04885338340785134,-0.05963023965101101,-0.10648331351143785,-0.10247802261171164,-0.12510423657732023,-0.06872828734385136,-0.0023937114543534812,0.02750107321932944,0.07861952551627475,0.0958926683047647,0.06509286042200317,0.043047695100791594,-4.456071906515866e-05,-0.04758890845608802,-0.05955216282425447,-0.06156504969921077,-0.04634639050515883,-0.008421893953562324,0.020654948972634157,0.03742521586162992,0.04562957271290668,0.035552559120352135,0.014545205856383907,-0.005127351195299017,-0.022785685865159735,-0.030125319207505757,-0.02496092801660061,-0.014949464627931567,-0.0006772727890533975,0.011240629541805047,0.016467978941114857,0.017011457024953037,0.011558939621160664,0.003330712033765711,-0.0032708289836834363,-0.008092912972655264,-0.009428478364696936,-0.006722428448739068,-0.0030955844376445957,0.00023742941174644425,0.003244215480610981,0.00349219146414593,0.0032156171722232474,0.0027654895076839664,0.002304531032376173,0.0016057462490186762,0.0010649357912325993
s0469_re_2,5.583264344786102e-05,-0.03585619503039125,-0.032570930967028434,-0.08923762989175482,-0.13317939844104926,-0.13242011353576458,-0.2127146874012413,-0.1758580192498864,-0.18847420176072935,-0.16438637430010342,-0.1085320939493773,-0.03214614872510943,-0.022957740526674823,0.0790466009413462,0.09433505847671295,0.09055540122645986,0.12599103860758762,0.08818766948035967,0.05259137533566034,0.04346106530763781,-0.006623258705109857,-0.03995695052128421,-0.04209491419722183,-0.06130678888803122,-0.05814797913929179,-0.032690825216177125,-0.02055221874082502,-0.0037531490983470518,0.01601421773381788,0.019956433048110577,0.020593480847486002,0.02147112538369491,0.01372454128848708,0.006741559643106413,0.0023874200926289404,-0.003843695695550329,-0.005162049194390726,-0.0037302576201747183,-0.004045833239490771,-0.00207486922523656,-0.00024652370658675374,-0.0001844966741326623,2.1953440507713285e-05,-0.0009129734183048002,-0.002147710402788172,-0.0023758067426064952,-0.0021651569044427634,-0.0012927487146825393,0.0002530440720995694,0.0014657022713059568,0.0024992766418088152,0.002720039825745284,0.0020316688219530797,0.001409738086303834,0.0006831321358181506,-0.00032771370361575874,-0.0006318378533035183,-0.0011006617165567703,-0.0013215662506104256,-0.0009615184876616811
s0469_re_3,-0.09956038283986021,0.15307788937563635,-0.21521444594173925,0.07682680183515621,-0.27476780650128924,-0.02053172776927735,-0.2826923193500947,-0.14169669899504966,-0.20614141352856333,-0.16852779669398324,-0.11366724920353763,-0.06589495260511477,0.0091175210132395,0.012642705455429264,0.12815657101252306,0.0805295193799449,0.11148518422714564,0.11597255630839436,0.060844385908310164,0.04178290890140701,0.021939846495645815,-0.028370765528145186,-0.05142767117110998,-0.048565138980231716,-0.06268374564220008,-0.051751486936504935,-0.02317299195771076,-0.01285535160820099,0.0033321705740424474,0.021680612444430925,0.02080652153540107,0.020257935083699552,0.02136254604868568,0.01234801960017315,0.004459891045377062,0.0016379642477049757,-0.003506110785413715,-0.007033108386084203,-0.004278970655033457,-0.003290488329699665,-0.0027801776496546313,-0.00047157642470620664,-0.0004228018195235785,-0.0008214503852586339,-0.0009436261343520751,-0.001967805579938105,-0.0023656652317551735,-0.0015389329163408608,-0.0008532010067384642,0.00019408701483956717,0.0025755929833985265,0.0029686046163488753,0.002500272818932491,0.0023610291255403504,0.0017356052568387854,0.0005759840901029318,0.00019264182145275728,-0.0008713868392545844,-0.0008456711542577636,-0.0011597751772793332
s0469_re_4,-0.09952962375053649,0.15749166296351264,-0.21752268517377804,0.08314954188628436,-0.27346360272697473,-0.016884777840898986,-0.28928355855042853,-0.13909580243723815,-0.2147798512362743,-0.1722363456871252,-0.12240076726794484,-0.07656137693064821,9.707250646893902e-05,0.01122721824325357,0.12406283207793055,0.07645820596065278,0.11797964702223661,0.11784211022842773,0.06581246514266374,0.05111447263881148,0.02746155684259464,-0.02301366116473746,-0.04411167610259175,-0.047778548276901436,-0.06610799491105972,-0.054371403857541536,-0.029015936623987326,-0.02052917452086889,-0.001039419521603173,0.01942524741597331,0.020198027898410128,0.021920077701832377,0.023237385299814794,0.014081621914685972,0.006878503025938666,0.0036779061747968206,-0.0023223785656692588,-0.0055082620051038565,-0.004361619754095428,-0.005115277226635409,-0.0038453643338221704,-0.0005444305227266434,-0.0005744005449135584,-0.0010098428290677298,-0.0008468665750640056,-0.0020187723087018096,-0.0023281431779545165,-0.0014342413422270322,-0.0009620730770210356,9.881132629248416e-05,0.0018490518851454996,0.0023015952144436486,0.003058481524487032,0.0029701006477987307,0.0020199823398991032,0.001211481966903513,0.0007547782995271123,-0.0007465705653707289,-0.0006076490223541274,-0.0010628618679598368
s0469_re_5,0.006031768638245007,0.3827672154669925,0.0206538601956178,0.3536576289200753,0.016138623576971288,0.30397514568754597,0.04038022755855145,0.18925763990978428,0.08777135726104524,0.08350586172382353,0.06913449359128665,0.03851190055046389,0.038548802165318884,-0.018473548395850307,0.04328706859128774,-0.04131076187415454,-0.010312247811267494,-0.010807243540834587,-0.041966758590277556,-0.0236682800905571,-0.014611402077775391,-0.027758762468193424,-0.012885501608204243,0.0036909972155594376,-0.008129529652348273,0.0029107446424554845,0.010883595724743296,-0.0008636561911099602,0.004338048992795782,0.009831934656159324,0.0020188302039283457,0.002367581140134124,0.003995958048200031,-0.0014560370358461998,-0.0018593552377364584,-0.001437503648568192,-0.003580095114202107,-0.002208977004917516,-0.0002848857326883754,-0.0014075590558206817,-0.0005920730615337262,0.0013524535792336953,0.0006868316431703794,0.0013740216385514418,0.0021925629797549507,0.0007792012483253701,0.00047240473604046604,0.0006093247492155252,-0.0001514918257742306,-0.00011238107822118461,-0.00024067864274939941,-0.0011131216567202775,-0.000859478213423653,-0.0006763949259578178,-0.001081807621736214,-0.00028275056982358617,2.648575344744636e-05,8.787400361161306e-05,0.000320580791453195,9.601208852532482e-05
s0469_re_6,0.015712375126035107,-0.1648764676081307,0.04858756206071473,-0.2257038346912458,0.0864398471966827,-0.2578957621390225,0.19237418704155454,-0.22971179818852794,0.30381912397279137,-0.08918139928541993,0.274896906217696,0.06565279459140694,0.13157074531432533,0.06240744618915168,-0.05216152726209326,-0.007046457916039385,-0.20095256272025247,-0.032165635018072215,-0.15862376568740424,-0.022229345138972883,-0.0076215951570352235,0.05851935439126731,0.06348173414942163,0.10353302288315741,0.06428640189081915,0.030434225127294358,0.0022812075582980076,-0.042116833316663396,-0.06581270222498353,-0.06058627741535196,-0.04140339389732703,-0.026226953862910136,0.023519916836868285,0.03403632878062525,0.04631491966613478,0.03639060093071048,0.026706014629261893,-0.0029991962406426616,-0.014469161703073665,-0.028209722814567368,-0.028761713589640945,-0.021045528531326445,-0.008518076424360713,0.004285449049736604,0.013033062036648835,0.019423858168857156,0.0145473755711042,0.01047432839849427,0.0013879024282526032,-0.004210868790776758,-0.009925632651999436,-0.008768697890649687,-0.007801491203941157,-0.003411301532337047,6.241123478513591e-05,0.0027869055830639236,0.003141792704002274,0.0038840013036548562,0.002381948289379225,0.0018741713992239113
s0469_re_7,-0.024594351559624965,-0.08881409870246003,-0.060000557296511284,-0.1014979965534994,-0.08851928319891232,-0.03496626792963557,-0.042032367074733686,0.06467957531524948,0.09833454588247294,0.1301572756630876,0.1487615315164838,0.1371487325498783,0.029342536748548215,0.012047581565286588,-0.0857359899019628,-0.13782039974217047,-0.10284869698220746,-0.09741634943810147,-0.042015795933000276,0.04127560123646206,0.06526874317165907,0.08582735031671217,0.09093269167502384,0.04132385810712775,-0.0005528367115421387,-0.03408005926335159,-0.06876599878847144,-0.06622526957895102,-0.039480677639963636,-0.011086436109951811,0.022667777793998367,0.0459544072244532,0.044428777877491096,0.03187919740277641,0.01044810565369157,-0.013953945240417487,-0.026391412162931283,-0.02870767792884418,-0.022732108209215174,-0.008682938840515462,0.005699964500891369,0.0147665652245179,0.018345400741140168,0.01461063414076396,0.006271701637005875,-0.0014567507567738685,-0.007128787371921386,-0.009319886854090421,-0.00741712715207825,-0.004175238734024325,-6.747990047758792e-05,0.0027937694276759404,0.0036594731027702596,0.0033903437703895764,0.0032668529768746964,0.002239709536427255,0.001831061540668538,0.001163416170923639,0.0009551735799157141,-0.000777399351553188
s0469_re_8,-0.026641706673638223,-0.09222584494162199,-0.06708351767264549,-0.10562244903044844,-0.0997132614125922,-0.03937788318028078,-0.04544119052276243,0.0649308213144686,0.10099884514572231,0.1365967375251387,0.15462873859017148,0.14148968964839573,0.02903417989044594,0.003612432026196546,-0.08677516464804906,-0.14178048391488002,-0.10605908469064664,-0.09221222233279269,-0.038782901483968305,0.04364573471966512,0.07126441751474347,0.08743439526226066,0.08807771426589285,0.03890073645994321,-0.007081159205460352,-0.03943147491651013,-0.06963918343179526,-0.06504141687382327,-0.034379937402240934,-0.004800111596202185,0.026920050286931126,0.04694169864351063,0.04196418571501835,0.026739334774839387,0.00637275950903227,-0.0167087515465316,-0.02773741839933143,-0.026698903862999755,-0.02019589245738418,-0.005332752547405324,0.009141864376793412,0.015281669013447897,0.0166181047078018,0.012290660044303204,0.004273752930061559,-0.0030144170442854713,-0.007505906144536469,-0.008237622641356206,-0.005904396421644516,-0.003154508936629142,-6.388501747626932e-05,0.002560769126510921,0.0036470792288883845,0.003006385841917128,0.0031502798757299115,0.0026481414297531924,0.0021727431364269483,0.0007807914391501419,0.00020771993294369523,-0.000998311622410615
s0469_re_9,0.11765277334629778,0.20038292814111464,0.2260487511408493,0.19690979348474466,0.17016708684962875,0.2037482518599222,0.11685752900895956,0.13664481482251303,0.1007031887787544,0.06574527630553557,0.029507930139431343,0.05350060401706611,-0.017419952728197814,-0.002965795919871288,0.0034389449754402704,-0.03955248018724827,-0.026436342230001915,-0.01895202468704898,-0.03886829482897084,-0.021330372821549936,-0.001790587166066522,-0.012005457287549598,-0.0018266840391943466,0.010855714680967306,0.0024724433972538105,0.004525218009794479,0.008935276402372941,0.003124128160895844,0.002128178680932925,0.002809131810899312,-0.0011368012120619175,-0.001798824164529534,-0.0011797733296575355,-0.003145428405660508,-0.0024953030784052783,-0.00038888593423636026,-0.0003618235135267593,0.0003275730406687209,0.0019626318512866213,0.0014092347162354495,0.0008812978373355403,0.0012927973966974978,0.0005098338118795068,0.0002526640439213012,2.4555937512769332e-05,-0.000663808030137549,-0.0005784952918185222,-0.0008555460571367678,-0.0009890411829840138,-0.0005800529088013253,-0.00015445750145294946,0.00028795433686819533,0.00039450519722601267,1.7724506742220263e-05,0.0002795369330871552,0.00028556934602612724,0.00014219570928501046,0.0003493393945491666,0.0004506187231165735,-3.227597813022887e-05
s0469_re_10,0.1585528576579468,0.10075618900788309,0.3507194676695678,0.029235826739939387,0.3882672523706813,-0.06734469532645522,0.4196068062998637,-0.14469492749946952,0.31608542114888305,-0.060207988504353674,0.10143677022313664,0.01684728319603301,-0.015415357817647794,0.06770170393955802,-0.11546558520194135,0.07191861827436306,-0.08300283218121651,-0.010209572313260756,-0.039165065022794716,2.2458730270458604e-05,-0.03227796336179323,-0.002525054891912427,0.007632874967402959,-0.001433657805395413,0.0016371205345426375,0.00863148435610343,0.01045245609843124,-0.00425277904589294,0.010474091124590235,-0.001865571647839309,0.0025587711880616175,-0.005603238011151782,0.0022413946663824083,-0.005715967824953235,-0.001523063206198596,-0.0012098884985940381,-0.0004348396973521083,7.1787707818989e-05,0.0011302728902186888,0.0030929647765255658,-9.996848895121342e-05,0.002286511921774772,0.0002260930298510461,0.00071699864756411,-0.000488824920190893,0.000757585036741099,-0.0013635407473816508,-0.001153420550263849,-0.0007752727610513283,-0.0006207570503110389,-0.0001285886616267757,0.00021480180967253044,0.00025058980020486874,0.00016057183704166626,5.119171571861774e-05,0.00023774120153315217,0.0002923293290204187,0.0005002700819469947,0.0003247435194019093,0.00019692870824214833
s0469_re_11,0.04038947582407891,-0.13054194092437618,0.08163609578541416,-0.23714462723077537,0.0556426694647011,-0.3682534359162345,0.05286294698297967,-0.45837369769865205,0.03680325316625341,-0.3498303862811867,-0.026166618549875762,-0.11117372574587946,-0.011931224453501916,0.07009582569466655,0.02251094800348384,0.19800997652174177,0.022432834534975434,0.17095749966280466,0.052523688413106735,0.0604276663195857,0.00724994013506097,0.00012245846572516767,-0.05851045795052194,-0.05556121764987792,-0.053540158809021944,-0.05869211205220526,-0.037111416728412616,-0.011742731861034073,0.001862974063556925,0.007445991493177037,0.031585422780323946,0.018653677260425005,0.022915863027049562,0.01397848833344871,0.012605020659982091,-0.002250162681917012,0.0004583580328786801,-0.005421543629291617,-0.006365944037655428,-0.004520178998205225,-0.0031020033408229353,-0.0019132113084240206,-0.0014531187473817014,0.000317497928120336,-0.0027281052142618567,-0.000837548412558878,-0.0020511005977401774,-0.0017299116907201315,-0.001599117693887371,0.0015334949655020265,0.0016537270070675967,0.0027899200286402854,0.0034186725525875384,0.002339244536411124,0.0018068335368698017,0.001034146436150466,0.0004960550981878317,-0.000810307511395454,-0.0005816968141466847,-0.0014846634274763315
s0469_re_12,-0.12651075120980138,0.11714673546596505,-0.2518654299481939,0.08280502088143911,-0.24159760205562897,0.08112347026218311,-0.1381701680535555,0.09271941538091136,0.04849487286659304,0.1219341621568092,0.15140032055157351,0.12712198918989065,0.10424030805579611,0.005840927139492574,-0.00031053322695060034,-0.1314901530421999,-0.10476232979096581,-0.10986015805977699,-0.09612948792970044,-0.01324312446815993,0.03495216497152891,0.05878195001089657,0.09397007759264706,0.08678570578934423,0.041968138069987546,0.012361283610622324,-0.02978854542206272,-0.06705522404497875,-0.06429129942188122,-0.04867180674976347,-0.025460861370427853,0.012749380815124051,0.03747341032011391,0.04315997238935909,0.04227017488313508,0.024556412574357415,-0.0005041375383342448,-0.017129093057482773,-0.028459786812576698,-0.029988573185639016,-0.019150409389268992,-0.00608423852389935,0.005398232792923563,0.015329203668690736,0.018404589062442363,0.014875605023961225,0.008033774987857642,-0.00022015348289866328,-0.006722189247040657,-0.009147650644072641,-0.008928040981384323,-0.00598435021828988,-0.0016901321585680573,0.002030683096744936,0.0037851127632143188,0.004327679481102763,0.003244064998044038,0.0028098131891415032,0.002097064285361232,0.0017099610974120783
s0469_re_13,-0.022886628461475964,-0.08145971228809523,-0.055187632029467276,-0.09481736897589317,-0.08396720674214642,-0.037412336045303904,-0.04864833443094954,0.05639400458130981,0.07788355561463121,0.11897749371690186,0.14262211010237671,0.13148936168309172,0.046979680647360585,0.032436907842569744,-0.07147234098389235,-0.11532867840965201,-0.09939002452789969,-0.10992081773891858,-0.05433409552314611,0.01611407078261478,0.042440340659504534,0.081346873851683,0.09117514878103405,0.05294053155385402,0.025295702587686635,-0.015107475477182143,-0.057612884681497625,-0.06221964859770199,-0.05191211209360297,-0.03149378045337024,0.005949044150879947,0.03276355263512011,0.041991454607850934,0.041649151691923084,0.024436466568748143,0.00025243012344354715,-0.016754735364151358,-0.026755383461785492,-0.027454143889676236,-0.017768447023405003,-0.005059348090762074,0.007277834259955472,0.015671519022232905,0.016245876243837876,0.012841625153245065,0.0056907301728318935,-0.0025916758898369813,-0.007120310894634583,-0.008454344743596482,-0.006839434771276651,-0.0032256989850138235,-0.0004836800609145353,0.0021148553016865942,0.0038627762795134675,0.0032376508052529766,0.0027078710161546585,0.0021926942463573558,0.0015820894109946464,0.0010515823883581858,0.000716253157464013
s0469_re_14,0.0011250775832647264,-0.036159878117607784,-0.025223119967692276,-0.0849925535317706,-0.12037502414250471,-0.12220246502269945,-0.20054019096377088,-0.16593838389747356,-0.18539609070032173,-0.1636508119683511,-0.1132010714017228,-0.0520975303267591,-0.035375210608876564,0.06549839013418739,0.07282196546992488,0.08675465838619088,0.12376060609492495,0.0861799502261677,0.06550120120238656,0.0555383121773375,0.005019198012566456,-0.02117026964616104,-0.034035946385589794,-0.05955830629071275,-0.05381644581354028,-0.03867877986663879,-0.03346801718669795,-0.011994136605866679,0.007451734969572034,0.01254655867370393,0.02051874195969044,0.022193733992145886,0.014583765280591717,0.011416662097335415,0.006177314246618415,-0.0013128488576764756,-0.0028854573069102924,-0.004237902584745707,-0.005382827092034762,-0.002344745650394174,-0.0005747046947246018,2.1112730969112696e-05,0.0009959546988653743,-0.000119419161701198,-0.0011247083511034491,-0.0015202157057227345,-0.0023123228625828974,-0.0022522820487070844,-0.0015302511368621644,-0.0007735943246120321,0.0011915948911099647,0.002339701577048127,0.0025224589236436715,0.002245114327201537,0.0015903394670537037,0.0010151827432284535,0.0009076259094663682,-0.0006536060110546294,-0.0002808346971222595,-0.0005689517977108234
s0469_re_15,0.012670861307409916,0.3739809752960532,0.030348338632837854,0.34179853319012626,0.0236059854158754,0.29319314669525415,0.04734641735366171,0.18095575942920436,0.09030890581378082,0.07649394452219856,0.06388010363632364,0.03408441379040331,0.0349552106561633,-0.021529242292062878,0.0390922756206023,-0.04031053011275012,-0.01577967947802011,-0.009041652335009523,-0.040854778596652125,-0.02609326076351039,-0.01243795662848521,-0.02403178401635936,-0.012868413512774478,0.006325248368147788,-0.004616654923860077,-0.0007996584937750948,0.01127516135527032,0.003702984546452282,0.002814074174230398,0.008647106481136287,0.0026022620588276534,-0.00027578997836906065,0.0021242382180728715,-0.0012969859559196495,-0.0025433924462230388,-0.0007428020645916187,-0.0023707746047122993,-0.002884034555189815,-0.0007755077181019136,-0.0006487631601666487,-6.886752587569186e-05,0.0015978707289006514,0.001504352589441193,0.00130248499590438,0.001672307882685198,0.000780266418561087,0.00013878287363936108,0.0006505460001902354,-0.00022103025090741408,-0.0009310756516612413,-0.0002602521416614926,-0.0006858677138438695,-0.0014367001010470875,-0.0007831229449497653,-0.0002933157986346663,-0.0002719213973637343,0.00018220547737480888,0.0004591907135306708,0.00021502269325391265,0.00018872116480083006
s0469_re_16,0.011337985669425083,-0.16820031562604273,0.03761230614596554,-0.23015130870372577,0.06957380918101161,-0.26046757592345104,0.17581319612281987,-0.2294176980606854,0.2934688956702765,-0.08709035864271775,0.281261164025785,0.07270032267153535,0.14682302046632645,0.07386675073083586,-0.03030185139638585,-0.0039144028494943,-0.19402060565456,-0.03762692601958298,-0.17721348177595594,-0.03508946438045545,-0.024476619481944357,0.045672593661110955,0.060448605244772795,0.10715284389114033,0.07292546262807179,0.047884336841025554,0.017323700880552913,-0.03407717501383355,-0.058819906340993884,-0.0637862496212835,-0.052609781837085035,-0.03722366613884299,0.010819261524968763,0.02420126321512351,0.04487497633467053,0.04222760037830193,0.035114553035431414,0.007482696397231813,-0.006073758290028918,-0.02466224841433568,-0.029152154276279017,-0.02496966846586288,-0.015627651521966514,-0.003526804123150001,0.008273674079225498,0.01692948165547788,0.015449950505176073,0.015099264123287607,0.006015933963971217,-0.0003199472017731915,-0.00673179659949316,-0.008137796860258522,-0.010139463460975936,-0.005938987948779274,-0.003252762257287216,-0.00029633357947963926,0.0018422592115567502,0.003506763642222484,0.002417301762543811,0.0028099177436083046
s0469_re_17,0.10510947826257983,0.18445709467173219,0.2078631725731814,0.1773305711693618,0.16393272140779985,0.18823073833162973,0.11337833507712633,0.14146924349255893,0.0968643589512841,0.07287700682055842,0.04764359350838472,0.057652005101485514,-0.011205914911352347,0.022790518777868425,0.0021177451081870733,-0.03503863633313903,-0.007019554481441858,-0.02644920339805695,-0.04235262947390087,-0.01505075626457252,-0.019625242669924256,-0.02133132536158478,0.0021978175390003885,-0.0003141034777168711,-0.0032587823758379888,0.008148234475697095,0.005590054281382622,0.0021974711634794577,0.007284450404090983,0.004713737044443093,0.0013825291121417665,0.002381646120679543,-0.00044724520279960613,-0.002051518585543006,-0.0018535623546208312,-0.0024130205179394727,-0.0018565450490096026,-0.0010103008613862516,-0.0009383982074631036,-4.523217891576121e-05,0.0017675885688066193,0.0015094499166758207,0.00104179151098768,0.0015092120345818246,0.0008342807749026461,0.00043531987648812214,0.0003235218791121496,-0.0001820692837368234,-0.00025710942994179136,-0.0007954961719616792,-0.0011238550099925025,-0.0007887070878151285,-0.0005335702647354952,-0.00046823922062687486,-0.00011255224405924608,0.00023148167904211308,4.868028972382882e-05,0.00012123338428054607,0.0002363143480601485,4.157793951412306e-05
s0469_re_18,0.04196912137745281,-0.12397628633978429,0.08508935436094248,-0.22255312523734272,0.06465865278049673,-0.3399287802619072,0.06709142437232113,-0.4283764167732518,0.04978328023156437,-0.32641405891241004,-0.019009544811432223,-0.10698248727063416,-0.013038734866596263,0.06179514297026822,0.014358271579185726,0.1854354916563287,0.01179728883217216,0.16128602025952848,0.0469595254656695,0.05771195750604955,0.00589547390064614,0.007206054144840572,-0.051622856240203074,-0.05052224092851456,-0.04776385801025114,-0.053905634796021465,-0.035310093867950816,-0.013477998102722174,0.003727946894287646,0.0033742337317848375,0.028125020646986583,0.01668148695134982,0.02133621940887006,0.010562705394648365,0.012155125079897015,-0.0021641250427597756,-0.00048033999377577655,-0.0050940356801435155,-0.006023838584544996,-0.00388956520351188,-0.0015957836993387093,-0.0002434411024518501,-0.001210448227215553,0.0022971758496221936,-0.0011332065043976954,0.00018591007182888855,-0.00223903329889897,-0.001957321246427329,-0.0030744946005161417,-0.00031848468100870034,-6.009172049239771e-05,0.001398287988161798,0.0026665497597567686,0.002597713871432029,0.0022478259976897058,0.0016340667199923203,0.0011561286751833606,0.00017067685798633842,0.00016801945915340488,-0.00031181382135173926
s0469_re_19,0.009850140665830264,0.36970461471247457,0.027793807243256825,0.3374734232924011,0.021806524854855323,0.28847212053249877,0.05168524883972078,0.16689640228109395,0.09450586948677737,0.06568645537903996,0.052620651656611415,0.027352674274860104,0.03856176440996751,-0.035797162789465126,0.028877122508827197,-0.028271052694764404,-0.03462071887530013,-0.011239124222670472,-0.029425260613635717,-0.03336470683281649,-0.010581042133789367,-0.008602304902760993,-0.015153754224619155,0.003861869053859707,0.0066785565166488405,-0.0013552547327115173,0.007496358395939589,0.008835505469645129,0.0010429818323864912,0.004193165529441697,0.00505310436928849,-0.0017179390543384195,-0.0014981268106700686,7.787716004226119e-06,-0.002862376489585864,-0.002686058390154243,-0.0009340405403193803,-0.0016744432706524788,-0.0004963051825008614,0.0015571749460063721,0.0008862853093646556,0.0011346055061471725,0.002078972701941445,0.0008963666279954218,0.0002368940257597258,0.0006373340727051223,-1.926809134483764e-05,-0.0004436120467607873,-0.0003066005027175496,-0.0006408402555399197,-0.0010122789193445546,-0.0008797987741320823,-0.0006509660443714448,-0.0002593344442375892,-2.843840085622466e-05,0.0002112530224169031,0.0003936178328035962,0.0002282450603227928,-0.00030067340656272966,0.00025131717419090745
s0469_re_20,0.03782512899695603,-0.1201108654574642,0.0762192738089737,-0.2221912110861828,0.05170834601499069,-0.34559724967515615,0.04737016590411676,-0.43699318950835225,0.03323525976259986,-0.3455927631753393,-0.027111191110405247,-0.12213560322231568,-0.018689364527164493,0.05525332945087678,0.020545204400226887,0.18577327540977595,0.01792611676052495,0.17451382013436606,0.05076434056516644,0.06762832146381528,0.013813136291334781,0.00997456878970871,-0.048543006767826545,-0.04860557796859211,-0.0508509158334556,-0.06171575466746504,-0.040045251611618496,-0.018702350630074013,-0.004800559159719646,0.002561025909884972,0.028979263666234024,0.01605884257291942,0.023794132578558343,0.015641747583545293,0.014299610735164819,2.3895475122853442e-05,0.002513078218324375,-0.004440330785415319,-0.00556591216860482,-0.0039989164913107845,-0.00326361682604079,-0.002521621547434837,-0.0021060205244861924,0.0015697501072017455,-0.0025197512167729956,-0.0004091304341120706,-0.0019530267329760677,-0.0021054202720491534,-0.0023436425843202115,0.0006593432735375173,0.0002912834279480467,0.0018175247747649534,0.002956450760395884,0.002692110148371102,0.0028836973472887075,0.0018324091626836614,0.0012584123141382549,0.0001296822308419477,0.00016061051528506822,-0.000703137141897622
s0469_re_21,0.008042717374063953,0.38529707991460643,0.02364561898303867,0.35468107948848554,0.019013142059158057,0.30656552340334203,0.042593540973090954,0.19354110656446077,0.08784542397652362,0.08267610107040095,0.07039841356607868,0.03685650206639784,0.03728016137048584,-0.017221225024005454,0.04090668652000724,-0.04252745972590734,-0.006580046729263654,-0.010946479764644863,-0.0444689754431193,-0.024182002749757445,-0.01576888820479996,-0.027161301923588628,-0.011105161104472102,0.0021055454148203403,-0.0083835316141952,0.002892900173436384,0.010353522146497917,2.780590205150945e-05,0.005687294223233029,0.009798062710813757,0.001202004367094535,0.0019974373030452347,0.0036539634137734097,-0.001801898288132299,-0.0017676757928252657,-0.0007344493543493347,-0.003836193161470428,-0.0022182393187418167,-0.00040193012928767583,-0.001774486233179884,-3.6170018628424908e-06,0.00159522996697093,0.0007340822862674477,0.0013312381463444064,0.0019428402913012261,0.0006704210592189726,0.000597402354420209,0.0006845756477646122,-0.000523748925106739,-0.00032057782711595597,-7.558568308061632e-05,-0.0007803803459860422,-0.0009964938248988558,-0.00086243505136247,-0.0009857029108547148,-0.0003396100288286347,5.1785742001457835e-05,5.607753927552179e-05,0.00027098356843882756,0.0004023781968949923
s0469_re_22,0.0396702082499402,-0.12285972333301107,0.08133616421859452,-0.2212498349594595,0.05880396615184812,-0.3416599239363631,0.057244918392198724,-0.4377643408977036,0.04976034173056537,-0.3731001908408646,-0.007823605121609985,-0.1629293096055984,-0.021019661923997433,0.02357039002050015,0.01834175042063701,0.16414972692469482,0.014656273997634537,0.19356891590273,0.041206358208663564,0.09598913030088756,0.03544915004792952,0.023858346562088146,-0.037002111581935095,-0.02880792923721887,-0.058561273244272814,-0.06536479118961852,-0.04499815627503816,-0.03483699022547191,-0.024280295464866066,-0.0019530160734972453,0.019046588948404046,0.011249669188871242,0.028408023933315873,0.020101813758814226,0.019200653551870544,0.007694980267547458,0.009110333477635854,-0.004073474968519818,-0.0012808473392802592,-0.005388714643082693,-0.005986869337473905,-0.004640963001075848,-0.0019064108015396386,-0.0013816186526433637,-0.0016055383006018922,0.0012870411447560284,-0.0022485008849344006,-0.0011820360553301587,-0.0018864307182937298,-0.0010569841546281449,-0.0017422784402049596,0.0007079734908067117,0.000782750917215824,0.002709837768312243,0.003242075732296125,0.0031152518589643,0.0026263235626862824,0.001792450273798315,0.001199403841153924,0.0002693993393373384
s0469_re_23,-0.10311119772243363,0.16788458038988152,-0.22056573116098693,0.09287513068006945,-0.27952692217572,-0.002222990248565217,-0.27884221549036425,-0.13396462434016493,-0.19610448261255425,-0.16413576253845696,-0.11140019887143773,-0.07126139419633214,0.01039419941435094,0.0043036975060614865,0.12255548824672467,0.0817687061159763,0.10265736370673911,0.11329418693994332,0.06508194360218164,0.03839734320643211,0.021794216953426118,-0.022452921252086117,-0.051189989990886156,-0.04544387027767843,-0.05646629319377992,-0.05291100875980868,-0.023998883534166113,-0.011132062223179763,-8.74853856202509e-05,0.018328383388024023,0.02245520653024765,0.01888427725800841,0.01844369366412169,0.012584969183707653,0.004456263911860858,0.001011052660698284,-0.0034703979569075294,-0.0066471093260717365,-0.004144206957514216,-0.002271446310319072,-0.002416924144656714,5.087665046440014e-05,0.0015517146361458862,-0.0004883563276471183,-0.000992625062581386,-0.001545804185466525,-0.0029044924352334698,-0.0018203992879931297,-0.0010904478388608263,-0.0008478053836835736,0.001358940993546332,0.0024288958025357396,0.0024460103045099756,0.0022925214715249706,0.0019257801236519313,0.0012310241787755714,0.0009433549732767285,-0.00027817846004441865,-0.0005975566807787174,-0.000804142858257367
s0469_re_24,-0.12211541006435991,0.11085944547109104,-0.24349085819676222,0.07718679166473481,-0.23259264746550493,0.07976732096923793,-0.1081519667444565,0.09136378148776246,0.0854663361678682,0.127885449550765,0.14702315589155843,0.10961688201384405,0.07196955173054771,-0.05584122436722865,-0.04205592099898454,-0.13895405957981105,-0.12288246463584789,-0.06497485757831416,-0.03531907083785208,0.023764828794691495,0.0831481884993904,0.08635996459628861,0.0673556652581365,0.05042224291283853,-0.003957465001596254,-0.0505893319731222,-0.06019455777074047,-0.05990015224058798,-0.0404628661586169,-0.0004338713240803018,0.027577690440445838,0.04019248637616632,0.04437533005737781,0.029218216539348738,0.0035906886812790387,-0.014954439980944577,-0.02615539661604021,-0.02950866478180373,-0.020002730455307354,-0.0044511082162124035,0.007724460127246012,0.015482562776031963,0.017480967381991615,0.012631744625999893,0.004765366311985059,-0.002934526422264541,-0.008161795278157219,-0.009162281069695905,-0.006493977030074101,-0.0030966024612771735,0.0009106749225607529,0.003141024281988563,0.003448148471312322,0.0031293816353353088,0.002867307915589716,0.0018468762883373316,0.001350797038093492,0.0006732819604302967,0.00037058534537321,-0.0010995319759957572
s0469_re_25,0.11092760722730935,0.189351428605663,0.21794295217229825,0.1837361510126929,0.16283378140174407,0.19259580526613915,0.11507316707298075,0.12446734456432582,0.10053300462520638,0.05949338595988883,0.025119719280177446,0.05439142937963159,-0.01728950994692001,-0.006328363858236484,0.004719268342436658,-0.039645595072288244,-0.03087556194570921,-0.01595332306399789,-0.03502119647698891,-0.0205505263593728,0.000302584166829572,-0.010552081362194538,-0.0020003378947052847,0.010004391774078041,0.002577769053905073,0.0038319125232379563,0.009388247045257474,0.004005007054867525,0.0005511203303129163,0.0025883376060960753,-0.0009972288022921485,-0.003391379364948004,-0.00124278996077124,-0.002445242037211411,-0.002271271262429985,6.549744791908628e-05,-0.00037279115943308677,0.0005091486704763754,0.0022251365716417534,0.0014766381753552873,0.0009490369656492187,0.0011399409992999005,0.0004787760842291586,0.00028710174065210275,0.00024357795724355455,-0.0009800354675024426,-0.0011585512125000593,-0.0006818214693304705,-0.0008164538402479929,-0.00040801714052990314,-0.0001442891687698947,4.918169609267017e-05,0.0004746476437638662,6.813040959506736e-05,0.00015897283324829814,0.00038107131481647196,0.0003142048360696567,9.728501202724936e-05,0.00014233610889851373,-8.151940548637027e-05
s0469_re_26,0.14782815344895414,0.09871021680000408,0.3203217009227111,0.042387154962636425,0.3470999768486167,-0.0336770431174581,0.37556087901166463,-0.11509228655963731,0.3270313243912665,-0.08010682690209246,0.1515061971367238,0.002619061941285635,0.020882266292696693,0.03838365757808418,-0.06219070099558354,0.07497608488294674,-0.10926084142301552,0.03717333068263908,-0.05308870052160771,-0.018202607255024074,-0.03295621651832067,0.001353847566554282,-0.022793399556496993,-0.0041844155191661766,0.009970373215952795,-0.0004956636465753243,0.0031263803985315075,0.006714548591792872,0.008436883582238043,-0.003469802914468739,0.011989797994754126,-0.0017018433778378172,0.0018451241552057032,-0.004081773742641014,0.00197435255005539,-0.00616093272138682,9.084032186470022e-05,-0.0021090372937843825,-0.0020942277863552367,0.00020523516623094986,0.0010190502853780127,0.0017433076199146569,-0.00022989915065252194,0.0030517013902037885,-0.00022394111780475932,0.0014804630167621216,0.0005409174997795072,0.000502555532854507,-0.0010752379000531814,0.0002884382825330942,-0.001293225673745126,-0.0011413550734125054,-0.0003808591536778427,-0.0010624298075135334,-0.0005834185000857613,0.00041689318462378376,0.000280481287624149,-0.00022394635487546385,0.0004025555654348636,0.0001876099378414287
s0469_re_27,0.013754296242878857,-0.16385293684259494,0.03757222776446067,-0.2215559133263738,0.06692580709197227,-0.2514445735123313,0.15634918931013858,-0.23164018266036387,0.2751240171345109,-0.11236072894368052,0.28921050848644275,0.047779755488496944,0.17161228919229007,0.08483214664883415,0.011811944455266671,0.014111353484029901,-0.15450828507362085,-0.029171184927176252,-0.19780288555163958,-0.03882893631550118,-0.07368580725683807,0.010314840645872835,0.0432389737939721,0.09171009635688131,0.07023120202920885,0.0793760376680284,0.047300513846962836,-0.0019153914849618246,-0.028008955513747907,-0.05400215198659488,-0.06710883796174966,-0.053565650762695614,-0.02197506853735134,-0.009531030071053197,0.0307659819295884,0.03922015165831115,0.044360784610346746,0.030394099592996656,0.019987696208935403,-0.00686397564437912,-0.01635451410472085,-0.027261099337903803,-0.028648752369506883,-0.01958842516306732,-0.007387174275910435,0.003136112705136438,0.011634249862747262,0.017527306732962745,0.013228950511069629,0.011496191437101693,0.0033683395332317605,-0.0027522607366338857,-0.008362305257326093,-0.0087500625479028,-0.009578915837772841,-0.0058853382218818215,-0.0034513658880164057,-0.0006119018249703052,0.000993971190482546,0.0017745814000492313
s0469_re_28,-0.02455538081190056,-0.08238342135663654,-0.059069904567194284,-0.09638718222484231,-0.09014042588378875,-0.04251782579166122,-0.057122552901212896,0.0445957176363118,0.06119914669177062,0.11706572601439554,0.144775598056196,0.14288670240367585,0.0786361148636046,0.07030205849385873,-0.04593107783944993,-0.08592927306057295,-0.10250348720627579,-0.13813531136205665,-0.08211182497809358,-0.030999345139534243,0.0051406737172290965,0.06974020812750267,0.0896594034837154,0.0774639400572431,0.06736440269680391,0.020674457578674525,-0.0250050013715631,-0.04714854459341796,-0.06749045261608186,-0.061203036481130624,-0.030766351523922195,-0.003213575200919331,0.026339275120554655,0.04640747764036599,0.04272954521881665,0.031212777430082075,0.012845120491620333,-0.011137059126280388,-0.0245818418751388,-0.028542908003188427,-0.025454967566476354,-0.013747928650709947,-0.0006800660391924638,0.01078842498197653,0.01803217319221232,0.01710937670502384,0.011820191228831666,0.004655682663411676,-0.0031344564851364916,-0.007691718244471089,-0.009760155249345913,-0.008333282033633484,-0.004516847569388839,-0.00045139421433648604,0.002206912172036438,0.0040847420011773765,0.003680522564296849,0.0034578019464186157,0.0023942968302950794,0.0018599023722144334
s0469_re_29,-0.022537112915059564,-0.08572699943835907,-0.058558940019761786,-0.09671614807074473,-0.08636224850658304,-0.03135275987002422,-0.042195083951590495,0.06073827904613133,0.09049551919020349,0.1281875889577735,0.1394582182869288,0.13336950604180176,0.02957266133311144,0.010198929439834135,-0.07783045849203209,-0.1324846208302599,-0.10078081366266309,-0.0931826325166875,-0.040843407655953116,0.040020101408322975,0.06420257779874941,0.08184134746821911,0.08652248223789927,0.04070764162128062,-0.0009249443014981022,-0.03264911219663245,-0.06656958977154831,-0.06501207151546419,-0.03764413055641819,-0.01045033216186081,0.022254097651834788,0.044649394023478665,0.042685307593194534,0.029868062574996638,0.010623535971832413,-0.012620543039311271,-0.02648203717828692,-0.02852598716318251,-0.02204365985902556,-0.007992848544114974,0.006218882456324265,0.01499165889299757,0.017726979204253947,0.013641251384134252,0.006004980962647758,-0.0015776531651002443,-0.007409414539221868,-0.008841765212985794,-0.007099946742467338,-0.004409288477064448,-0.00011119460040348133,0.003058685887975518,0.0038430877524691398,0.0036430925346240435,0.002928504444868408,0.0015342198939376213,0.001560254311677191,0.0009263240476858309,0.0004626613291790154,-0.0005258742045917309
s0469_re_30,0.002397421542278318,-0.038451148388902096,-0.02725359695623204,-0.09080465372076066,-0.13400902926177485,-0.13292492989597607,-0.21520331566262463,-0.1780763425060205,-0.17750982588293127,-0.15304356731047242,-0.10044831272887826,-0.009987458340417714,-0.008478111164778288,0.0840207281756924,0.10999338358814599,0.08863051054017507,0.11266969567094473,0.08383464885702352,0.036808560705513575,0.023401795963725137,-0.015034650857194128,-0.055976791369247034,-0.0513537378399663,-0.05176626151414992,-0.05072460848764188,-0.022693564932405073,-0.004031835322006097,0.005454347214713023,0.020328539668262452,0.02319684098304486,0.017748651744689033,0.015535572968661343,0.008777265579328536,0.00032637906883876126,-0.002049484925434775,-0.004281916402951186,-0.005621016704153309,-0.0025259231957333733,-0.0017939455465390693,-0.0010454193346893289,0.0013849340117003145,0.00013342566320865873,-0.0013888498827018892,-0.0014821783292860787,-0.0025777023670440083,-0.00239132833950094,-0.00105941206942305,-6.665558169681187e-05,0.001401546750101176,0.002394145522348935,0.002222515359305065,0.0018394201251862579,0.0015969028296170047,0.0006637226271215357,-0.0005224166774885571,-0.001104376230627461,-0.0010640181046068441,-0.000805273894481226,-0.0005650347324999438,-6.641676279497989e-05
s0469_re_31,-0.09486857310544869,0.14739734539082733,-0.2083055100034177,0.07163945293798042,-0.2698906820742281,-0.025529206876364147,-0.28140189245429215,-0.14191917591791406,-0.20296357024906247,-0.17058341769396695,-0.11289402534999372,-0.06773450327991958,0.00437362521790409,0.014054097559692103,0.1266117186830764,0.0814486359602292,0.11472904533200991,0.11502935482330523,0.06165251537499948,0.04641987360057286,0.020119377179698264,-0.0315343546815476,-0.048434567244954624,-0.04845648106852933,-0.06520624854808103,-0.05108787935367166,-0.022958033155439924,-0.015008487693203674,0.002199799984673667,0.021788630486587485,0.02163763794858327,0.020999077973847063,0.022107472700934914,0.012729499257647388,0.004795361513390603,0.001663283070729649,-0.004125932508018808,-0.006377646064671389,-0.004406542759354253,-0.003978664769380964,-0.0029138361977239444,-0.0005260648696889011,-0.00035032178434249125,-0.0012694304226014196,-0.00047521167038085376,-0.0017855948507427971,-0.002861933709220977,-0.001189715822999319,-0.0006688143648297647,0.00031996716834141513,0.0024865529092395404,0.0024155973187963095,0.0025180518693524423,0.0027816207121692357,0.0019624146684665365,0.0005207758569615779,1.3593495728062133e-05,-0.0010126100251258553,-0.0006879373782219053,-0.001140766232694014
s0469_re_32,-0.12366538690248012,0.09822164886554927,-0.24697041238407655,0.06455985643637713,-0.24392315453890118,0.06387874287522778,-0.1487462634572421,0.08636329019101081,0.04213243584834151,0.12323700336821533,0.15588471420126065,0.14198917691923002,0.11960771816612215,0.032771372288322796,0.015276727890695344,-0.12193221960375385,-0.09741187882679862,-0.1237744548763127,-0.11351895950983645,-0.035011156363208736,0.007852536368406248,0.046099814803390864,0.0955114006378622,0.09216324625578125,0.05944014804879404,0.03763081471220024,-0.013144643101065487,-0.05427988887461721,-0.06038037190870474,-0.06254289254991321,-0.0447791435303251,-0.006458208231829381,0.022059781941174327,0.03979637068608525,0.04790759901324864,0.036004235303903,0.014666980262683923,-0.004197006070501151,-0.02077347635333549,-0.02905353038573999,-0.026314848591094418,-0.018048738780659563,-0.004892799444196141,0.00897729083960249,0.015470877570849464,0.017199043055919634,0.014071592802502418,0.006228235005780382,-0.0003707188499224923,-0.005404042240712263,-0.009867071727560642,-0.008606910654422349,-0.005641550103215939,-0.0023830201529527473,0.0006795382099617698,0.002776447540945083,0.0030455419261573124,0.003949372540287827,0.0026521738093677376,0.0024803262812406533
s0469_re_33,0.00022669963254113825,-0.033547248100933916,-0.02434809153544548,-0.07895529312664055,-0.11108551200142659,-0.11476292356077136,-0.19473086458598826,-0.1548749225790343,-0.19445150489223292,-0.16688086923678022,-0.13038200406190156,-0.08201886390637364,-0.05796968047465936,0.0399824576053374,0.03892533816065099,0.08856374996912939,0.12156928663659822,0.08542889345112066,0.09623055806320702,0.07566348876350194,0.02623216596160178,0.015768662459817794,-0.017552407970055868,-0.05156491315387498,-0.04827834181820602,-0.05563259142803913,-0.052390313127091546,-0.02811030052766169,-0.017188799943140983,-0.0019331925637799457,0.016809896462251353,0.017829500327235993,0.020386466154312263,0.022506439151852284,0.013862146954554134,0.009583596781162027,0.00494036535648286,-0.0028957005240774856,-0.003751498510335421,-0.004686823419099474,-0.005759680194493388,-0.002692697785950878,-0.0013341124897781353,-0.0010764380389539918,0.0004395913653199714,-0.00015707432577903452,-0.0010367100875182617,-0.001096970540104128,-0.002506968317743913,-0.0020876840904242525,-0.0009131864561607555,-0.00021783963920331216,0.001043549967323517,0.002252340220375143,0.0027629235668356717,0.002823214557480597,0.0025069635722072773,0.0019134911894804613,0.0008267865961476628,0.0005953895176420696
s0469_re_34,-0.09479548699572991,0.15716342497503477,-0.20232571388270348,0.09082128553616728,-0.25488891603633723,0.0008477306926715109,-0.2644614713929795,-0.11746489571194108,-0.19282108287424865,-0.15978331944270385,-0.11435550700804836,-0.0777407549356111,-0.013755368110077094,-0.0019019138461002603,0.10462736745019224,0.059036371229439055,0.10979284392620785,0.10981031854348541,0.06470056327746145,0.05658020407583882,0.034508747153626756,-0.013253199114438109,-0.029429324483113705,-0.03722012115986434,-0.06158035793941289,-0.05143093908946718,-0.03275895534148131,-0.025607634879583573,-0.00572332180520686,0.010638573052065359,0.013283153493868917,0.020032614726557686,0.022779922071932503,0.014208005248096364,0.008873454494172256,0.005804721903858867,-0.001532621939335022,-0.004459970325528456,-0.0036446274140444,-0.004913444546608752,-0.0033083365601699138,-0.00020756258757513972,-0.0002935158959748218,0.0005460145411257025,0.0013090519239088345,-0.0010084675789443285,-0.0015405260825454284,-0.0018224166986423823,-0.0024613811136936737,-0.0013463438097964372,-0.0005766316919865869,2.3811235354031914e-05,0.001733864504473744,0.00258027712782582,0.0024888127530443434,0.0023776604084162056,0.001873127202021817,0.0005028691264674942,0.0008344472049357887,5.588732259773206e-06
s0469_re_35,0.011249021274219438,0.360321594849512,0.031996679205587374,0.32990192922946143,0.02447631181093322,0.2879895473812065,0.04601429705536814,0.173017604198326,0.08919997482702266,0.07388890154417792,0.06306262998584515,0.03570240313617743,0.03437555997342074,-0.023762005648847992,0.037185923912971444,-0.03837725098818398,-0.01826812650747462,-0.00668205030216864,-0.04081573039091043,-0.027676325614237454,-0.009049343965618586,-0.024240729100287538,-0.014326167729633332,0.0070746431179866285,-0.0038895579582096506,0.0005298258933155068,0.010959729818239278,0.0014053293332188816,0.002654888558343486,0.009685371397014928,0.002696222527085239,-0.0002288423974381554,0.00250262912430607,-0.0018852955657064085,-0.0029217558327863475,-0.00042855929486275077,-0.002665311389980615,-0.0027309998543682736,2.471152976731513e-05,-0.00041861791807298323,-0.000465112028394075,0.0016102459528027388,0.0017554287126357298,0.0011868625943240551,0.001280776403838468,0.0005602063753051036,0.0003333302318625002,0.0008004941009600653,-0.0001767604665608781,-0.0007110599821515256,-0.00045895025549284765,-0.0011191477786715814,-0.0011123369568874447,-0.0006082485492162557,-0.0005903372518524482,-0.00015389939602202752,0.00028942884989043135,0.0003176824587129045,0.00040279383158046587,0.00020019719421200755
s0469_re_36,0.03462958562756489,-0.11630684208804351,0.07259317293799177,-0.20619054189878872,0.04767225461190681,-0.3223288313176194,0.04342417385919118,-0.41767168029549623,0.041555445897780284,-0.3691520569993029,-0.011749589906096472,-0.17152782223782556,-0.027023245980922955,0.007520393934685993,0.014707790722675017,0.1447392961676214,0.016622315443127852,0.19492417474746254,0.0349728784042389,0.10990885330826525,0.043490996747522395,0.02750344070312002,-0.0226425818222028,-0.016794798604799724,-0.056327335721598815,-0.061438497778669214,-0.045366945604111586,-0.046624817900719345,-0.02976443402105404,-0.005515343156396941,0.008668958318229458,0.006024616652336018,0.029757578571573035,0.018297633797385034,0.02087977535912047,0.012542449400124405,0.01188154938797915,-0.0018289117841083407,0.0014459562840353874,-0.004272367618807696,-0.005978310832178223,-0.004387392685817211,-0.0032673504357082334,-0.0021544560522857954,-0.001629691266459648,0.0004675045819496287,-0.0027321512146282335,0.0004187493393784384,-0.0019115409524756953,-0.0019497115230785475,-0.00217935324925229,0.0003062913344270478,-0.00033246164141385154,0.002048055334189116,0.003033918053587238,0.0028905533655358955,0.0027630293656772786,0.002442441450791888,0.0015906455543892018,0.0010216119243038736
s0469_re_37,-0.1230548116943191,0.11311201994355788,-0.24483812669752067,0.07907638782520503,-0.2390763658547412,0.07559346214136638,-0.14508446757100193,0.09096136049689788,0.037015020652313935,0.11825437701577396,0.1475511717310573,0.13380975819636678,0.11355919945625012,0.030369232080468024,0.018153564028076264,-0.11935877854793261,-0.09163294675187389,-0.12061598340326737,-0.111445247807813,-0.035346012902593496,0.006527130981081556,0.04578173962525269,0.09252610978065531,0.08860201819388665,0.05844766387287959,0.0384547439080497,-0.009083759607215625,-0.05099094212800887,-0.06013061071343163,-0.06316563886714412,-0.04558386186956151,-0.007688538770937084,0.01897764149904659,0.037675980027123926,0.04850759459856223,0.03682790511668496,0.017161672049923905,-0.0007737475111506977,-0.020338565983901415,-0.030225226724389136,-0.027271716551217344,-0.019459311421562965,-0.005885267340208951,0.00834167893449438,0.014970643636783796,0.01733728247818801,0.015339559212454959,0.007791666636319156,-0.0001861131937186736,-0.005436419583215632,-0.009492105496858973,-0.009141431121725996,-0.006384566027777293,-0.0028629922748225002,0.00043769908968386737,0.0031300644174459564,0.003709810204650551,0.004103906152432514,0.0025257645059419335,0.0022354144758894405
s0469_re_38,0.0027693935734273323,-0.039416046464314285,-0.022123661524270127,-0.09014802000810788,-0.12558681148572368,-0.12640934755481895,-0.20733485176348096,-0.16914310087415102,-0.17960969629588083,-0.15824769066350333,-0.10819322136729528,-0.03236929756404589,-0.026840803129902342,0.07501343343238477,0.0891773904325224,0.08605637739767559,0.12280385765496818,0.0888287731754846,0.05314851586953221,0.04394492744597864,-0.0032055788520867793,-0.03705887031985169,-0.041528330622224496,-0.05911231953706844,-0.056680370047148,-0.03233755219593786,-0.021446550787946796,-0.006963631479279181,0.014152272927589126,0.019049069172813675,0.020019547308751794,0.022225647342156863,0.013917358106940994,0.006478053728331161,0.0030242137788541344,-0.0033819080673455175,-0.005817818159654919,-0.00446992942577274,-0.00447136143979521,-0.0018339323696630566,0.0009138153981483262,0.00017135889964437365,0.00048082053159128355,0.00013218686968656873,-0.002038684280577864,-0.0021097426980979253,-0.0019688704998708927,-0.0021819396973311385,-0.0008630630005090044,0.0005285889534332113,0.001961477123050794,0.0026840031522457897,0.0023342181038261355,0.0018165154153241803,0.0014199955000142605,0.0003695034304623085,-0.00020878286636781686,-0.000903638628988351,-0.0009743360770896456,-0.0007058171452341725
s0469_re_39,-0.09619937974684889,0.14780242661754084,-0.20727062280471606,0.07516393611698095,-0.27107474971720696,-0.021952746116674745,-0.2763098985748978,-0.14320740683972452,-0.19097127585248427,-0.16045818062278067,-0.10363840788119426,-0.053627523514258854,0.026069532835244498,0.021660601450845297,0.13290608907576473,0.0892345135923192,0.09750849319358579,0.10735331661712492,0.05620524316783068,0.022918433241114106,0.008048380753446842,-0.033948419052508755,-0.05972623249144119,-0.049386293744669324,-0.053619170121475435,-0.045172358696002064,-0.014993955907444102,-0.0008324748235836352,0.008512661262726588,0.023235291864033357,0.02394756777986921,0.016850461774020158,0.0154974293530667,0.009455766601753268,-0.00014326799626784617,-0.002745475386441779,-0.003852703543621954,-0.006285960150446496,-0.004545939547517937,-0.0015052183472313758,-0.0010177029122996068,0.0002983105272079136,0.000970883102274198,-0.00130227562162847,-0.002065752145923736,-0.0016308964428604273,-0.0021664767863748143,-0.0015315362775943132,0.00010894678757292917,0.000957252831111222,0.002149532332347774,0.002861936149570032,0.002161311326622223,0.0016706200446615924,0.0012068934721403146,-0.0002402267854213275,-0.0007308774135759996,-0.00105352627168048,-0.000996822092688854,-0.0008566929804580226
s0469_re_40,0.010861009949929324,0.38322056480893624,0.03289620140048665,0.35396498273207766,0.025973470308869245,0.2959465316001405,0.05460809989457189,0.16992940959983405,0.09288427965067379,0.06913067245641023,0.05630807001135097,0.026350010457892745,0.03907613643830029,-0.03796331920604047,0.02861709573694563,-0.027323565573399412,-0.03673778019965397,-0.01107213400848407,-0.029392730391802634,-0.03622782305416854,-0.011459207448808939,-0.007583498916297765,-0.012961422714288792,0.005231524217777703,0.005953844178136169,-0.0014100622455138323,0.008501425781065398,0.008798671133213726,0.00014094267379287625,0.0041455937351691525,0.005198053155064009,-0.001599511982744405,-0.0018648982703757765,-0.000991088155891603,-0.003289817633763037,-0.001964630980994472,0.00024329328933974154,-0.0016643827731592437,-0.0012937752359914118,0.0015855537632331394,0.001332570425428445,0.0009210228686382182,0.0020253022352506346,0.001106035879874301,-3.148684104659727e-05,0.0005379594152418821,7.2868374674788065e-06,-0.0007097273433753001,-0.0003027542576834666,-0.0006082765111673103,-0.0011544375877471794,-0.0008496819310982362,-0.0005653977605739524,-0.00025458402844828087,0.00031775558203673784,0.0005201536927833682,0.00013407101568528267,-5.61204363588167e-05,-1.9585232283799488e-05,0.00012712304866272493
s0469_re_41,0.012363819307056054,-0.1758710463484622,0.0380875676093947,-0.23844011929660214,0.07763671817642413,-0.2672877157247245,0.19407884451188068,-0.22583712910109988,0.31018251516264445,-0.06162020873443943,0.27080417420098035,0.08734309878070597,0.11431173528466956,0.05693576014454095,-0.0806976691199168,-0.012912737008489652,-0.218453384400589,-0.04262751948196571,-0.13251069793172254,-0.017210478113591002,0.016347270851881757,0.08194186266189432,0.0726124412078486,0.09375513719204619,0.059441981386843666,0.007448386045682278,-0.023501643208159968,-0.05391442499149543,-0.06976135400727423,-0.06029160010931188,-0.01888038152758209,-0.001718944300062804,0.035545771713147045,0.04310638725872362,0.04526282729974548,0.022893171341209773,0.01027537327329954,-0.015862394661298494,-0.02674941202821863,-0.028954536031164203,-0.021997101408697435,-0.010390400167428072,0.002898819278701743,0.01419452601302393,0.016214346481995417,0.01762637699785632,0.008584824751494078,0.002204886169759233,-0.0048958871559399595,-0.00763310977681144,-0.009722129750435503,-0.006081285237610113,-0.003207276324332849,6.195645575736452e-05,0.0021796815223965537,0.003820586345999867,0.0037489768920623773,0.003755712891868169,0.002798997512827979,0.002120940669829327
s0469_re_42,-0.026239824682150033,-0.08417972154625042,-0.0641242921813203,-0.09685229866033851,-0.09377442510954599,-0.03822942412990714,-0.05019630678126773,0.059099895836380416,0.08344540888590228,0.13210173771629447,0.1497619070713422,0.1421232936190891,0.05260208581210305,0.03483316542022144,-0.07238176902519589,-0.12339962606157553,-0.10674126928728032,-0.11893290310524901,-0.06173470589843744,0.014883599976365933,0.04388958494427785,0.08612626588904002,0.09875102132460582,0.058921890606181276,0.029859243738588077,-0.01308317955614559,-0.06140697260049279,-0.06778604319545392,-0.05636206052498907,-0.035234090256011215,0.0034671746213000413,0.03257546662467163,0.04452583898711183,0.045442164231680564,0.028364477325100924,0.0032919822032941117,-0.01570289173055293,-0.028672880599288485,-0.03071758136746502,-0.020691700279641446,-0.007498444174392595,0.006445336325798683,0.017029148912460938,0.018614842044406252,0.014686375019202016,0.007560181914259479,-0.0015147446223146655,-0.007557031309113194,-0.009482030503273776,-0.0086231190840754,-0.004982201275610208,-0.0006804013456952321,0.002529542540148287,0.00416437878130598,0.00436193719407975,0.004067670713551119,0.002871987436904585,0.0019209414957214938,0.001565086914039293,0.0007921240297360251
s0469_re_43,-0.022939992878016437,-0.0856278595877801,-0.05717555745681757,-0.09758751710634016,-0.08859026748224386,-0.03318891134525303,-0.04505546409908871,0.057835584765191024,0.08731520084945602,0.12569584748841717,0.14481484447442003,0.13489049618139945,0.040600067418803384,0.024096139445424977,-0.07663015655922709,-0.12564345933735396,-0.1022981825350781,-0.10688728754194611,-0.05042969944285773,0.026099241030582688,0.05348282821722554,0.08580377758369555,0.09363844581867038,0.04995546250742806,0.013522227663894174,-0.02367472135414586,-0.06477138182117748,-0.06626598904107311,-0.04763673249621082,-0.024080846813859635,0.01427222828502537,0.03993031145058697,0.04434979364565375,0.0388883576778792,0.018892909276462904,-0.006049403187008324,-0.021200993857591322,-0.029077507725881892,-0.027175907735712556,-0.013996358055797187,-0.00011927618928659261,0.01088954519391609,0.01789671703305051,0.01643238515938054,0.010550721977587168,0.003045831344588151,-0.0052974574309659255,-0.00891151341842,-0.008305853180737746,-0.006470200181425437,-0.002361694305707377,0.0017088762306949846,0.0034199507309614087,0.0038120792409919897,0.003467566703067692,0.0027243261993807836,0.002557103077299481,0.0015790484854593717,0.000638969373653852,9.676867789843612e-05
s0469_re_44,0.11103928874457948,0.18522726709698456,0.2159538554997384,0.18074948218451875,0.16911352571931776,0.18890529830544656,0.11664484262924354,0.14079796334629885,0.10245804363166497,0.06676063843062707,0.0493111051466367,0.05696028138400978,-0.015769010801390898,0.018826744453408196,-0.00045778546551691516,-0.03587644785058386,-0.009915282238240434,-0.026180979555161583,-0.04067264629434716,-0.014491015847400913,-0.01696846555775421,-0.01919506519428464,0.0030131216083513807,0.0002777182546643527,-0.0021475557159935793,0.010817036785871504,0.00590205082381317,0.0009534384330332513,0.0067132659740795405,0.004236540489144195,0.00035701684123134395,0.0012126534616974803,-0.0006965865597776604,-0.0036320054859267366,-0.0017488848705871675,-0.0016050720123556336,-0.00241113535153119,-0.0006439785199079661,-0.0001585694797262926,0.0009971746450836909,0.001986027670203247,0.0011201271397373507,0.0012769293435690313,0.001301697331876393,0.0003161502482740948,0.0004166809928887712,7.172319328987575e-05,-0.0009086898246604376,-0.0005464093697236268,-0.0005261021880622385,-0.0012760744609174764,-0.0008656035311528867,-0.0004662536214347124,0.00010398358138058609,0.00035071898884680633,0.0002748685019178613,0.0003466302316333601,0.00014803124878668645,-0.000224388348569689,0.00041703790513831547
s0469_re_45,0.01116080997150106,-0.16786155765048405,0.03635891353175041,-0.22760570748884695,0.07132149510292786,-0.25844838729095915,0.1713921045710651,-0.22902944488578098,0.2892699492123756,-0.08830508287291657,0.2772014950257728,0.07166304139990244,0.1462268533147954,0.07719087018062032,-0.027653124294506847,0.0009066819721288452,-0.19018319944131218,-0.03614861813420331,-0.1764077866421547,-0.037646491703687765,-0.027499175925187865,0.042074051492010475,0.05883283342645324,0.10549280126855495,0.07154032543025932,0.0489981707004385,0.021076995257008842,-0.031149632081753604,-0.057563106497907135,-0.062312538148380274,-0.05279973292661157,-0.03946228420410462,0.008423942146493953,0.021876837353185526,0.04432344794420476,0.04250525117698306,0.034874158592672,0.008543291401868762,-0.0028811969750160054,-0.023141549202181005,-0.029741215216530482,-0.02492374648796803,-0.016095315700236125,-0.00479810514104316,0.0075180720109829105,0.016679799195283538,0.01467348389220409,0.01490603808706613,0.006698639445985505,0.000351702707869746,-0.0061382027221515085,-0.008069414785788357,-0.00978790319523029,-0.005658519257067125,-0.003694589905616488,-0.0007851737193799536,0.0015065791882778287,0.0031795597214069864,0.0024622448175869774,0.002579768225544674
s0469_re_46,-0.02691262269915562,-0.08782570915976737,-0.0659569994824136,-0.10145730448651782,-0.09809103804089048,-0.04657028227839922,-0.061543443670426294,0.04701229354382872,0.06738956161514546,0.12399316048544276,0.1529253420456497,0.15182499758236537,0.07816862935978405,0.06351315116991142,-0.05078474446569354,-0.1009872569719702,-0.10913746598927808,-0.13602011894894803,-0.08249608481636446,-0.019080816212768824,0.015238982426682654,0.07427561348257523,0.09914355905230546,0.07422386512772403,0.05856896480701155,0.0148261243830265,-0.03740426869725546,-0.056648713623630366,-0.06733936605393173,-0.05762788195532119,-0.021648283468554096,0.009658608895891216,0.03258684223092774,0.04766866051788764,0.042109912084946986,0.02434553677829911,0.0036683860078693424,-0.017135849267459737,-0.027545498918025938,-0.0283839220639175,-0.022284042918925696,-0.007701738989783328,0.005758214054081599,0.013729499837450955,0.01815176652985294,0.015421808726929095,0.00799199350368185,0.001118300788511906,-0.005611231343101245,-0.008845535359962756,-0.008547252230800858,-0.005968587531679748,-0.002625870649968912,0.0007258363126988394,0.002634532023835539,0.004299186483075805,0.0037673670447516128,0.0035178565683474405,0.002449064395421114,0.002183205492411454
s0469_re_47,0.0007398888387823816,-0.03695841438475862,-0.025794007876452103,-0.08448604164667203,-0.12154840058582046,-0.1212903068464339,-0.20566005800888815,-0.16843684235966047,-0.19009936328834168,-0.16536189525135872,-0.12056829450456522,-0.05060230457640999,-0.03838199310632303,0.06603569738173468,0.07440147762867869,0.08795466768102397,0.12578650245043999,0.09015807166757839,0.06962401184976583,0.06028251619884662,0.007212594258674275,-0.021585664417439174,-0.03168900417243612,-0.060994294587568984,-0.058973793440006174,-0.042663868373502875,-0.03633335175536922,-0.013912667725787387,0.006103450349201807,0.011752537661009576,0.020813979600402856,0.024873256270057976,0.017887511354310135,0.01273802245394596,0.007967058464838942,0.00023689010955633632,-0.003671693436555548,-0.004679373386136419,-0.005992022969872893,-0.003714929281702541,-0.0015873178512401623,-0.0009356936149860493,0.0009131853156220705,0.0004120043926044461,-0.0009309640592021879,-0.0012999164466464274,-0.002292098706134083,-0.0026324690853767423,-0.0016185692058581064,-7.506523978724789e-05,0.001319346406149203,0.001610022435765377,0.002516307845008914,0.0026521506874425155,0.0024105732782064735,0.0015376867822112104,0.0006771717442850229,-0.00010811020996657258,-0.0003513586697879465,-0.0011106799271835205
s0469_re_48,-0.09762181856328753,0.150158740267961,-0.21033058546729574,0.08009281833385726,-0.2690939303488698,-0.014249061442919491,-0.2778985548333632,-0.1365711579071162,-0.19965296090934753,-0.16577963306399338,-0.11191054066612886,-0.06933996800347882,0.006324765562073032,0.011556092048592422,0.12138770685400033,0.07682206332660108,0.11014301579636356,0.11458016235990831,0.0622455734696482,0.043376544243055426,0.022129947515798807,-0.025673630786370194,-0.04680397516885787,-0.046637557264897586,-0.06167244491303568,-0.05214743704162274,-0.02500806743307528,-0.014375738675445063,0.0009267725125471454,0.02007237368564499,0.021048924488991805,0.019887078805390476,0.021154650096703746,0.012821856357952735,0.004837196964230724,0.0018393571212523077,-0.0035620869625217835,-0.006542425515237667,-0.0041845556865126405,-0.0034137258721384724,-0.0028749175483916904,-0.0001424666664218727,0.0002757989343476064,-0.0005750116941904789,-0.00031797766120132416,-0.0016044132490461193,-0.0024844782834226977,-0.002031245767470521,-0.0014484921775457162,-1.5482161594864106e-05,0.0018424222121313496,0.002133901208153603,0.0026060338952335386,0.0029303374356468605,0.0018824553568750557,0.0008282185474147273,0.0009977524582143562,-0.00047395882072229174,-0.0005972282045850697,-0.0006945453821784297
s0469_re_49,-0.09585273498348547,0.15268199251988085,-0.20947830497980327,0.07945881590208523,-0.2691661613378819,-0.01788719495433765,-0.28622222271488934,-0.14110838540363785,-0.21368575564263043,-0.1730348705438938,-0.1246744538836976,-0.07652715075416648,-0.003651262167085416,0.008136408369374643,0.12106903322155796,0.07425029939684924,0.11573614870116575,0.1180029747686847,0.06743711376379748,0.052002054735485324,0.03036420600133602,-0.020457971083288812,-0.04211419484998165,-0.04635416494918721,-0.06557081158160084,-0.053576803026187884,-0.029143669450021316,-0.021145354424667816,-0.0029205834453840487,0.017055087588880174,0.018446656028570776,0.021015164703786282,0.02358366978257767,0.014780034784524674,0.007743169389957445,0.004191167780575623,-0.0023399475222147387,-0.0051093678018727644,-0.004342255519293157,-0.005121206846180638,-0.003246549569766092,-0.000482204099399612,-0.0010516834340615453,-0.0010905006661990708,-0.0003254567439239498,-0.0016770747086758844,-0.0023720273333613733,-0.001738001087159487,-0.001458640170806016,-0.0004058396585891758,0.0018741906075077973,0.002351161461731151,0.0027846700025587275,0.002994357786437112,0.0022724578590984264,0.0013063553438699992,0.0007094881419593139,-0.0005522775528958806,-0.0004144644274617922,-0.0010171639730661309
s0469_re_50,0.0020007111753179772,0.38310216865736796,0.012389738993066165,0.3524206539268945,0.008989093319785658,0.3032310386490557,0.041101561907720886,0.1811620497870457,0.08940499117897864,0.07613010001928441,0.06709212830111222,0.03596955325219479,0.042278698996323374,-0.02571155469081817,0.04086003640443334,-0.036594505911776785,-0.019619994024990216,-0.0072499775826138264,-0.038862482689986044,-0.03109452445582332,-0.012041650295380565,-0.021902272645851255,-0.01659523883439827,0.004730840116623037,-0.002268167178016287,-0.0006571722478631674,0.010680924519449814,0.003976243087190154,0.002385035818716663,0.008769097660923346,0.0035011801055931215,-0.00020029089354716876,0.002749416580743133,-2.8340943470958917e-05,-0.0030309631906372,-0.0005052947380640404,-0.002041460660524923,-0.004064902907643569,-0.0005103940717047787,0.00020102237394948894,-0.0008957432524100063,0.0010966806257645407,0.001908305569303387,0.0012071286700863833,0.0015844982080878791,0.0010027929682787623,-3.9785448920072454e-05,0.0004090995519183842,0.00016746482380591423,-0.0007321169509148238,-0.00043508986751048505,-0.0005437299480355578,-0.000908353285197795,-0.0006981343013315048,-0.0008521698927543704,-0.00038572635904126175,0.00025485099667119023,3.124510563043015e-05,0.00011107897033059881,0.00018328136731305127
s0469_re_51,0.038853669645876554,-0.11960764704993516,0.08157954120777598,-0.2173308938892686,0.061981125360891204,-0.33554214789163506,0.05826739719568274,-0.42815052293982486,0.047612921592923726,-0.3573137431232996,-0.01513845760350758,-0.14789188466654896,-0.022221496485189035,0.03181398720777419,0.01404851106887599,0.16445671089270708,0.012425873916318539,0.18561737339411147,0.04218328752354007,0.08908304896618598,0.028433054921353923,0.020733848039985178,-0.038230140772874045,-0.03207492231326511,-0.05357722520130689,-0.06372524194703173,-0.04325105954680714,-0.028819539475404627,-0.01795958042326633,-0.0031277089076415373,0.02200514143563732,0.010336339091855733,0.02600124984134456,0.018990486589075536,0.017322001430463425,0.0043396494763280015,0.008579320430811282,-0.004167296712677246,-0.004309389634687443,-0.004385221084135345,-0.004089591681611846,-0.0038556362333944127,-0.0016503530079649404,0.0007640965385774598,-0.0019524852840802679,0.0012526904799221583,-0.0016270177603799202,-0.0013428649274977143,-0.0026688996364024205,-0.001308925796595002,-0.0022476695376811226,0.0009700198231523832,0.0013619965254373174,0.0022822075606122537,0.003126746109720889,0.0028291952030682376,0.002039723938809729,0.0018041002729273197,0.0007839967405807469,0.0001893201830818929
s0469_re_52,-0.09885981095749691,0.15573601192536352,-0.21277860141470148,0.08477083833331514,-0.2718682024889054,-0.01625343996495322,-0.28405597977972263,-0.1325774993595903,-0.21164484707685666,-0.1701746971009423,-0.12335087151111877,-0.08209230864842389,-0.010725201686365798,0.00356922996723844,0.11797212698410335,0.06785862745300433,0.12080189754938724,0.11804420516935787,0.0683456058303924,0.06047360535957923,0.032766019317481056,-0.01739882202843924,-0.03594669757228544,-0.04447549681101008,-0.06733366610427968,-0.05513078966466825,-0.03321501627134416,-0.027273328640614,-0.0056172323151827425,0.01481906309723815,0.01770887994328446,0.022338892815852853,0.02370355622773551,0.01571418686515271,0.010423295317503389,0.006566662087296813,-0.001425186275893852,-0.004879672968228447,-0.004416684121607812,-0.005545476702165833,-0.003947916091656771,-0.0011519513899996817,-0.0011976223700453632,-0.000997338270998096,-0.000340100992444128,-0.0011889749943954978,-0.001770452393556673,-0.00214030165536013,-0.0018531091420654802,-0.0006404575232507698,0.000996004851847016,0.002022439175187113,0.0031417362624244455,0.002973950865609109,0.002473593334184347,0.0019014531940619536,0.001418857109073709,0.00019745549847410178,0.00021359435483040914,-0.0008890998476543863
s0469_re_53,-0.1222953671072159,0.10501657976470273,-0.24482706222019662,0.07023690254663216,-0.24104422277266957,0.06811585170439595,-0.15096673357336682,0.08203493985240187,0.033515881583881316,0.1148887423593634,0.15051539450733947,0.13806712781635236,0.12166445183539787,0.04255620679855891,0.026360636130296055,-0.10807466700904288,-0.0862337066738191,-0.12476692921763233,-0.11909860063237779,-0.0447987144787596,-0.005519112564226342,0.0351238403117352,0.08754604392975493,0.08925013107817834,0.06672128853148997,0.050765518430788074,-0.000852804410454424,-0.043639562668509116,-0.05443402024689166,-0.0662970867673269,-0.053547264514178065,-0.015536812210155813,0.010919907706947358,0.03178348813556643,0.04698186328312103,0.04036200635947692,0.02351739412830764,0.006244603063478515,-0.013974701177614708,-0.027417865667791943,-0.027877402992292178,-0.02275467475425819,-0.011289148721708773,0.0029238077306938406,0.011593499424374045,0.016858595676725388,0.01632163148345645,0.010113921403521952,0.003148152403902497,-0.0027562036468816793,-0.007841373233366204,-0.008964730117212388,-0.007783870915914147,-0.004979623327592241,-0.0016387513549131643,0.0014901951792035742,0.0026377015740382172,0.003694478062450425,0.0022743845923669384,0.002049078242628689
s0469_re_54,-0.001174408055064222,-0.04036726783861646,-0.030348226991193644,-0.0857507735722957,-0.12287895252956778,-0.12668282187793067,-0.20617838448241915,-0.16898896496459423,-0.1912295530708359,-0.1648259558179013,-0.1178217464384503,-0.05105353144960854,-0.038625576587632486,0.06838291155371772,0.07351043331506446,0.09150082229778748,0.129015764151867,0.08982567993039645,0.07131620244378925,0.05988596496266674,0.006006805670524039,-0.02017729896203817,-0.03160472037684413,-0.06372197436298735,-0.0596762299647696,-0.04314609714279965,-0.03938160522857415,-0.015194758453912337,0.0057022296531410565,0.011930340778545608,0.023254591777453835,0.02599821691687901,0.017683671271826924,0.01476405827150929,0.008601549243683084,-0.0007135349347897626,-0.0027246600635091934,-0.004406629757533703,-0.006241728504024286,-0.003960658125610901,-0.0028194845315602187,-0.0016329082499849067,0.00012284062877166184,-0.00023455592311009816,-0.0002822628047499712,-0.0008743747852731924,-0.0019440500365660734,-0.0023128812208930674,-0.0013065606281410433,-0.00034778472288066637,0.0010100258267572498,0.0022478663374490664,0.00265947939960975,0.0029130716196655833,0.0027022085872854336,0.0012036834856848286,0.0008039759290667109,-0.000276211174184277,5.781771693247023e-05,-0.0011199480938578837
s0469_re_55,-0.11798625991199141,0.10357212120375506,-0.23916683396418062,0.06890692311675602,-0.23189034286519492,0.07224154021347921,-0.1292500848363707,0.08835708708194458,0.05536990772711933,0.12316321291112185,0.14730513961937652,0.1287113519082743,0.0971773801594352,0.0014710065197531441,-0.0033826744447779077,-0.1327781819862519,-0.10754580432690568,-0.10125268019871601,-0.09100691163847166,-0.013523821986151959,0.04009215308090611,0.06295140718144383,0.09172022642458608,0.08444715567011227,0.036315775140258945,0.004946254389068168,-0.03067449773468984,-0.0675080507995363,-0.06315832927100022,-0.04342475118295203,-0.021379581803363728,0.015028184576920069,0.03919776343730363,0.0432897095809491,0.038660803978996724,0.021139678015154262,-0.003285025988423915,-0.019621126798936715,-0.027760789261741862,-0.028489147991767053,-0.017394111820692917,-0.003191647034281007,0.007916106153401062,0.01612477695679811,0.017628261007854664,0.012448190911952458,0.00578761878473557,-0.00118956440975884,-0.007431572549435082,-0.008732935207314402,-0.007581310222556869,-0.005122169332232026,-0.0008889600063849127,0.0022882897382390348,0.0033037075478452357,0.004072974671579437,0.003102305657485332,0.002660548380938596,0.0018275372647816876,0.0014811354995313004
s0469_re_56,-0.028629675268210295,-0.08700147807323938,-0.06641224818781467,-0.10313545769931019,-0.09492883444941533,-0.0498934251119866,-0.05665139679118758,0.04495736907717552,0.07372304611683804,0.1258959256708649,0.15545306997058897,0.1478631406980556,0.072553597062771,0.05683830144752549,-0.05575354950253591,-0.10762020393340822,-0.10720992419662889,-0.13053511522932565,-0.07793493704862971,-0.011421659496694655,0.02237393213553526,0.07804712763893494,0.0973591946809523,0.07195248124316127,0.05104641193183359,0.00622601585597903,-0.04287655233280087,-0.05928268241317111,-0.06400685147976996,-0.052757313745889586,-0.014790720512691641,0.016271423291567236,0.03483309338833515,0.047194296341930654,0.03868428624610521,0.01861567936082425,-0.0010367040783722773,-0.020154346083279713,-0.02885334819068737,-0.02615684555275894,-0.018240047188293976,-0.004331872313004848,0.008404234242525425,0.015350994482853616,0.01784179008178448,0.013041579808623279,0.005374248911524537,-0.0008819075564193396,-0.006729854487842579,-0.008684254910106718,-0.007574581898166497,-0.00493551396490076,-0.0011592990666547385,0.001881764322856492,0.002950740649211936,0.0038943778332638447,0.0036566420032975834,0.003553471105465705,0.002503571838616056,0.0017211037830170335
s0469_re_57,0.0006685972735997541,-0.0370856024483909,-0.02714046732859297,-0.08503357010490671,-0.11725071107843475,-0.12335917962149143,-0.20488102867337785,-0.1667319266617356,-0.20077796722031846,-0.17562603161515514,-0.1350810992532766,-0.07908341478342175,-0.05579493227967544,0.0490025615809628,0.049029210728053454,0.08995030867370027,0.12554404456008147,0.0917905172698118,0.09561722621897781,0.07610243032430943,0.02384904720518306,0.007548782404171916,-0.020062069708574895,-0.05543972650155571,-0.053040708629536894,-0.05602590588420688,-0.05325036714316625,-0.02575317167664956,-0.011468375450123351,0.0003768828025465762,0.017684152600453137,0.02013154809814351,0.020351214166779603,0.022817934100291433,0.014711344490730685,0.007176302506956892,0.0039472190799942335,-0.0030358915898674502,-0.005194538200693866,-0.003941329911113079,-0.004859460795301865,-0.0031504695348403716,-0.0016811735353926569,-0.0014379901140682584,-0.00041507953127429187,-0.0004997986762724074,-0.0017470160313888387,-0.0023181033776169964,-0.001673010647792839,-0.0010554695127508586,-0.00024544743714081973,0.0009533801181296223,0.0025359477953105815,0.0031425627213669195,0.0029345461746679105,0.0024389339659656017,0.0018962028721039438,0.001193667721392548,0.0007637324889955718,-0.00034580103358661403
s0469_re_58,-0.09905097792737022,0.1546956173282246,-0.21006990697442973,0.08547958694824682,-0.2649277513083384,-0.0025540770682874253,-0.2827098147193524,-0.11600260580757094,-0.22003121323291572,-0.16995979934207647,-0.1341803780346084,-0.10029173197364939,-0.03401093539293324,-0.009313396518087843,0.09355101306619563,0.050823493128373,0.12859731686368997,0.10913002422188374,0.07894992821892532,0.08658247621605258,0.047845787232797775,0.002778113563785776,-0.009907915719676771,-0.038073354807718326,-0.06367154456404743,-0.0525905376181451,-0.051172198691444626,-0.04361325888688024,-0.016452846800922134,-0.0032306095436327948,0.007260596001582331,0.023077059834747223,0.023195156514657766,0.019153697565580656,0.01963519994526067,0.012970689433440308,0.004217493352358484,0.0011087970049888354,-0.0030564826195750056,-0.006623863590347985,-0.004586542043076481,-0.0038182558633152457,-0.0036857476640166933,-0.0012997428308301018,-0.0007164118181422597,-0.0009413789148433837,-0.000267880108078385,-0.0014551736356921256,-0.0021466322642521647,-0.0011487315557234556,-0.0014078164408251256,-0.0005907489093667834,0.001710219019806192,0.002273000878011879,0.002981766688561235,0.00349612996340267,0.0024151837470550628,0.001962809772568367,0.0014413374514146904,0.0001759261901708935
s0469_re_59,0.006055651751151918,0.3856036951517025,0.02190109303222807,0.3570759533491031,0.015591486722112328,0.30904103866897886,0.043820542276490175,0.18941519901955164,0.08941684237474132,0.08224898240249116,0.06809345510635875,0.03689466521591605,0.03878016879498212,-0.024129330155718835,0.041030822959570994,-0.04007231180043393,-0.01742158092727146,-0.0088113687290668,-0.039437697824741935,-0.028952529620175648,-0.011372363008243012,-0.0240130129888636,-0.017330326127848912,0.005800246475924828,-0.004718073025938526,-0.0009147494970946563,0.012418213125212503,0.003474797708483564,0.002179944346891514,0.009031206498916462,0.0034002849594956634,0.00010028576837145128,0.0029689409750492594,-0.0003891906387919776,-0.0026418335332503502,-0.001210181703358415,-0.002514502338153615,-0.003276583482672896,-0.0005361086010064284,-2.7619137698014016e-06,-0.0006520716936709559,0.001210690369705268,0.0015205970788010486,0.0011240575575505382,0.0018098240913834319,0.001017689470277968,3.406354142195054e-05,0.0006740644736938648,-1.75766786722282e-05,-0.0007301604872193712,-0.0002577783688113013,-0.001190995442314726,-0.0012929021639680853,-0.00047258236704986157,-0.0005182772706983835,-0.00016250597442444333,0.00015258300776777256,0.00011000326807516754,7.411280736185556e-05,0.00040972619543300015
s0469_re_60,0.016252342978198605,-0.16931868882049672,0.0501579597730557,-0.23402886269088674,0.08926550834951004,-0.2657385414487748,0.20461545112678778,-0.22868952285425345,0.3134987097947181,-0.07383829099218657,0.26507799988780817,0.07332160264233427,0.1117928600803885,0.0473450814420507,-0.08053831958386543,-0.011980149241480538,-0.21464527894856425,-0.03525602399032328,-0.12962014171244715,-0.009389088783626702,0.01488319376402999,0.08444347284697203,0.06868312193384254,0.09050076883060179,0.05663942711678205,0.006057606813866385,-0.024271903258068026,-0.0534160105869035,-0.0701435612526214,-0.0571444879606243,-0.01677409220125107,-0.002970315595873139,0.03614572066082408,0.04419187198536548,0.04455217017084808,0.02105162015764367,0.010429330111020468,-0.01653237310810294,-0.026767838694847845,-0.029125011602083355,-0.021797331398179024,-0.010239803074092679,0.003741201444711955,0.014612583470955327,0.01665122992890233,0.0178194782134949,0.008595365755298871,0.0017408032412132562,-0.006016920748070398,-0.00813965189346948,-0.010261606571461393,-0.005917749580560227,-0.002741864415867437,0.0007308208671945907,0.002793100586423716,0.004506905756192287,0.003962939527660686,0.0030339406151053436,0.001563226758315081,0.0016837309010198477
s0469_re_61,0.00034266033014204245,-0.04094765918645429,-0.03193526010824271,-0.09489729054166768,-0.13697857525965107,-0.13608678018127826,-0.2195803863937065,-0.18124477631965805,-0.18693345270106732,-0.15981241263920082,-0.1057347902252863,-0.016959260648836127,-0.010654217711986495,0.08586479698323188,0.10708690690154807,0.08988801072829528,0.12087900820050547,0.0907635911934862,0.04410343029128996,0.030381809763593896,-0.012089174557803681,-0.05099274181570552,-0.04958703229580552,-0.05807483585426287,-0.05604443524113157,-0.027592369449333645,-0.012537166073849025,0.001288858378764549,0.02021865715725376,0.022816282877333685,0.02034109590842265,0.020032828692687778,0.011704813366941978,0.0033790271708795385,0.0007573926686209347,-0.004155572461908813,-0.006487851811566315,-0.0037628050033011134,-0.003460303714618481,-0.0025839487994992402,0.0001889314124100838,0.00041342128703499936,-0.00048572390279927953,-0.0014566840443498855,-0.002643806764872493,-0.002292267122466958,-0.0015260108829859534,-0.00043731204584251493,0.0013283513047758755,0.0022802450329697426,0.002524868314357311,0.0023014939127675295,0.0018333661898841701,0.0010463489798525705,0.00022421857840638538,-0.0006589200307288388,-0.0013398651651859842,-0.0017652720460942946,-0.0009481001229447067,-0.000580464675834798
s0469_re_62,-0.12273391082263521,0.0989644698419402,-0.24624623207047697,0.06466133516192774,-0.23960829990944485,0.07129586971032334,-0.1266918689256984,0.09177250235896893,0.06933057747832956,0.13102389138768727,0.1567928110765973,0.13340178205748557,0.09702350120430045,-0.00824275645943015,-0.014200712063210991,-0.1410491548274886,-0.11950738139683255,-0.10024721927025437,-0.0842125472188391,-0.0074567212834282795,0.05351827136401098,0.07197038434400539,0.0931175144937915,0.08544659800469737,0.02863738916176139,-0.009116446129508973,-0.039758374701323485,-0.07203196840628122,-0.06495291108278367,-0.0361839014373875,-0.01016088221743487,0.02286500425304481,0.04652716605336103,0.044721363883073274,0.03274878716647134,0.013607892013142194,-0.010558855005332305,-0.02522322016889264,-0.02869308946680387,-0.025921543074215365,-0.01377094537810898,0.0022511075401008105,0.012444009640556454,0.0177705714700899,0.01733089147009064,0.010510258871629487,0.0025590566953868406,-0.004353310472324695,-0.009124934667331986,-0.009065278593545757,-0.006353747749386222,-0.003217309274693733,0.0006799133809746736,0.0033981273484994896,0.003911389426436706,0.00444398292611931,0.0038617746656410524,0.002836685028085863,0.00201768730026656,0.0011151868180758083
s0469_re_63,-0.0007575645335903157,-0.04727390172114805,-0.040620553693752615,-0.10779677063424478,-0.16349368436159226,-0.15725124988196346,-0.23904458367728595,-0.20272338370943724,-0.18346337511830474,-0.14142578929354005,-0.09001079178951661,0.034994601594633856,0.03732684781419844,0.10080669754068575,0.14316261287166535,0.10138588083267791,0.09322666061146374,0.07501630237798194,0.011052609103609546,-0.023868136488493258,-0.04099462129090213,-0.07052262315313206,-0.06719294191033726,-0.040708517704598685,-0.025703685658958295,-0.006180912562029841,0.0168828253085044,0.0233082047505245,0.023407076579839554,0.023319171423027935,0.013984081307576647,0.004610726492439769,0.0011346358777189795,-0.003939363620024211,-0.006917040709383349,-0.004207461261837622,-0.0028036457993262315,-0.0026173556446462093,-0.000679092915298924,-0.000335322761886782,-0.001761506902929139,-0.0023825611832224217,-0.0024660807669006843,-0.0015706179389011474,0.00011773964137424101,0.0013387635003965952,0.0025532090511397455,0.0028596633961051844,0.0025019247063111307,0.001897245081282815,0.0006819319590746207,-0.0006241448038062047,-0.0013458631673740258,-0.0016916271361422748,-0.0015991850889367427,-0.0008611421978044807,-0.00011141596739422137,3.3361151646044295e-05,0.00014072423208957212,-0.0001302082077204946
s0469_re_64,-0.11261301911550528,0.17590727498854244,-0.24797543769841132,0.07736679130529148,-0.3253029674384252,-0.0611655246616194,-0.29758394181635944,-0.19707001208030567,-0.1844796688928253,-0.13772586581237306,-0.05677991703334074,-0.012080155933827136,0.11972692221083236,0.07169335463757472,0.13377256934566056,0.13624204275592186,0.07823811783684921,0.046449874201501935,0.02093079770440119,-0.0337588058386307,-0.07114001318131181,-0.061561771196860925,-0.05757249714080819,-0.04805622401180109,-0.014618913755973099,0.009481596422877984,0.01683021787566852,0.025173553549986388,0.028280053727126636,0.01873476148126501,0.009228829415692847,0.004220382938320658,-0.002611449437164586,-0.007189404873325288,-0.005842144406145426,-0.00421484279499306,-0.0033095624627504914,-0.0006606301060436793,1.5055709900357866e-05,-0.0015947362357350405,-0.0020479234517708513,-0.0023449373893836985,-0.00222512024783498,-0.0005796363601841451,0.0015522582698175743,0.002505023606421451,0.0027061800858951203,0.002865393253918857,0.0021769936052171107,0.0007244264307525853,-0.0004507317090531309,-0.0014572036324293936,-0.0019980398692516018,-0.0016842693172895214,-0.001018922030353837,-0.000411335456361084,0.00011206594587460135,0.00016090611778541496,7.887713030368921e-05,-0.0001715919873069036
s0469_re_65,-0.1352671229342057,0.10973042575299606,-0.26859254168505897,0.07136999371109597,-0.25585163694027,0.07615060377836284,-0.10992753766900706,0.10243567876666924,0.11076525549678949,0.15043147020520248,0.16609909815553886,0.11357881806116743,0.06896809968887069,-0.0784036735813807,-0.0658850622587645,-0.14933782989435512,-0.13376777885020028,-0.05867833630268257,-0.017649099586441973,0.040265685345170305,0.1006649502849445,0.09951462534082568,0.0634829538505204,0.03467075227339978,-0.02201187319359497,-0.0687204321289471,-0.06927400130187,-0.055997242721482786,-0.028017929055942695,0.01627551724312467,0.043365723692881455,0.04716490957999735,0.03928030027135066,0.019126768997188636,-0.008662637043566236,-0.0261748403322592,-0.03083253296026011,-0.02727008468894806,-0.012412744307384461,0.004738797349701117,0.014996512054506972,0.019236691472501326,0.016729350826602516,0.007638854082598202,-0.0012989106946726646,-0.007337552370687547,-0.010340044725814035,-0.008934592401920531,-0.0043894343726832395,-0.0006725001129152218,0.002299395976939003,0.003862080538552123,0.004232003932578266,0.0035618937574897697,0.0032341419942543965,0.001123415076822927,0.0001816164996510555,-0.0015980452632860828,-0.001958277509846583,-0.0025954320829444464
s0469_re_66,-0.02522146700968792,-0.08360585968072069,-0.06376586642091644,-0.09453376086445629,-0.0938199335317119,-0.026543341116790225,-0.03840000229228858,0.07292358440982785,0.10714474520668574,0.14090061951270555,0.14387587783875563,0.12855940235787425,0.0103015742324735,-0.016425875672939363,-0.09709133011177208,-0.14735848293961326,-0.09808666878248175,-0.0709323097148159,-0.02088632970209449,0.0601647602166375,0.08464497135103047,0.08565380977338587,0.07713031404368387,0.023184287067473937,-0.028940272129193784,-0.05516098259432781,-0.07148085275900427,-0.0569493477256885,-0.017736309068996276,0.014311074250325961,0.03818958855799875,0.049440800842799275,0.037302075216793656,0.014660307131351696,-0.0071401735809001774,-0.02597346523371725,-0.03187648058120285,-0.02391534811617299,-0.01103751814279448,0.0043945590874251515,0.01582604082574473,0.01872046162761246,0.015711197247805942,0.007124668699569881,-0.0024566169331752415,-0.007971864290784166,-0.009821600882923073,-0.008436107881817308,-0.003983743250045057,0.00018661030822328013,0.0028998499059146236,0.003913944198161564,0.003848105056667558,0.0030070624731252005,0.0024418102848086337,0.000514029847436355,0.0001296126075523133,-0.001143492592964981,-0.0013629882652740444,-0.001953146737502957
s0469_re_67,-0.024361602048926092,-0.08285469824450208,-0.061152937564938246,-0.095042067190288,-0.0866718789597865,-0.030168210103028913,-0.03681385060493267,0.06277848290490326,0.0985861554520858,0.13079595841957495,0.14474137979649362,0.12690555019132047,0.02295681670327884,0.0009740103697738622,-0.09051674271676012,-0.13651758346159043,-0.09735549221721634,-0.08586377483610358,-0.03232676088489361,0.046894938580977194,0.0699329504051249,0.08565018766354437,0.08415718257852967,0.03358181596164722,-0.010165677775469418,-0.04196752821396333,-0.06944713155242675,-0.06220039755846932,-0.03220929137926545,-0.001332337252498259,0.031237919133044977,0.04805161112114805,0.040610671909615745,0.024830313093438423,0.0025306144259776833,-0.019222867589956977,-0.02795103297984714,-0.027558459172941415,-0.019189461646655342,-0.0027080022664012536,0.010522492655961098,0.01644237612056026,0.017678777100230122,0.011939363723355786,0.002935670145601437,-0.00425027487512698,-0.008947565803932233,-0.009228330194140263,-0.006020233173060832,-0.002459163533594019,0.0016719983239053575,0.0034265226590022,0.003497740230337963,0.0030409082445338707,0.0028133485915055587,0.0020388485571734543,0.0010969525430012477,-6.9179956446660605e-06,-0.00017913848773910897,-0.0011834876047361884
s0469_re_68,-0.02574247214063203,-0.08710647104213533,-0.06261997311140624,-0.1017068593736511,-0.09215087679592161,-0.04296305884678948,-0.0506979365373565,0.053688312647970464,0.08238746953124841,0.12736358223055702,0.15427411461357163,0.14145532291818907,0.055154796675184144,0.03512105214968601,-0.06973036801205756,-0.12251507225294633,-0.1081577076599504,-0.11587822722121617,-0.05945476599804488,0.01480748397449835,0.043225541862969986,0.08381025074753748,0.09649511986945165,0.05801264851158607,0.02635325792235465,-0.015088962518606275,-0.05924893271023563,-0.0657884019806154,-0.05354007875285865,-0.03223237459596506,0.0055968945055837075,0.033334495252193265,0.04283531207720564,0.041763114737232876,0.024324952277191874,0.0013455945073709414,-0.015337215929821528,-0.02707566381166086,-0.028095505274355295,-0.01770220644077336,-0.00573168661022552,0.006683439213914979,0.01578477576479567,0.016449701550118122,0.012475880831886511,0.005870822277030691,-0.0018065218356690396,-0.0065782782447292324,-0.008266233702126743,-0.007014993466116762,-0.003434822725848536,-0.0005638066560727874,0.0016275666349033595,0.0035775471116730557,0.0033826320542883694,0.003010259807243677,0.0031159849286082858,0.002239214940825392,0.0015431526130898318,0.0010934779410938995
s0469_re_69,0.0010367937630433811,-0.03877126266363923,-0.026596933282189258,-0.08874416788193379,-0.12069523972150777,-0.13008502992805718,-0.20667946969093287,-0.17100971494165415,-0.2005342106177921,-0.17140467471947238,-0.12955273870853548,-0.06884180912674052,-0.04636557398566358,0.059074808084829206,0.05753322473286769,0.09402919702532825,0.13110971529496607,0.08890255474201049,0.08712481483420786,0.0698610608403498,0.014757462183641247,-0.0032042368528933454,-0.028226944899344582,-0.06101421684679165,-0.05347091803991862,-0.051617996828585505,-0.04863399119552066,-0.0203211954299331,-0.005013112287549029,0.005821258322924855,0.02231416574876594,0.022930126529549715,0.019899050935395648,0.019165752674881863,0.010986414329730266,0.00484615006694508,0.001384228349079884,-0.004392248749960054,-0.005691980550388055,-0.0041604725936556,-0.004592760369829131,-0.0025822918553362224,-0.0005597720487015336,-0.0012003146197023234,-0.00048311148516386957,-0.000991035808528443,-0.0019939958087436815,-0.0018685122202462888,-0.001565042463242078,-0.000677159570415478,0.0005433727311501596,0.0016613914888120149,0.0031105200195033185,0.0032440768704657228,0.002509332521041994,0.001683020086321927,0.0013986908994265644,0.0004638404057250834,-7.353920726466173e-05,-0.0008151580960241305
s0469_re_70,0.00917831865147202,0.3788583863791202,0.027016159623710668,0.3501497645685384,0.02200419908487208,0.3043488231823572,0.04036955700474068,0.19744137821118465,0.08310945633161129,0.08948274587795642,0.07522184352637712,0.04101542598567646,0.03737008481785856,-0.008102105926663343,0.04137739012545402,-0.04500236436821863,0.0032573569387120923,-0.0148735636645655,-0.04430817915680024,-0.015958847958317233,-0.021117591379280386,-0.032375387112214236,-0.008716931550822182,-0.0028329631580810708,-0.012723527960068941,0.005951487401039165,0.0074200038267642964,-0.00201760458429003,0.008355775585740449,0.007780870647607534,0.0003762855827786483,0.005335569012877228,0.004084293460692906,-0.002063443466973685,0.00025556805943090997,-0.0009237506924254693,-0.003634562431352743,-0.0009306142102546558,-0.001908368253979642,-0.0030467102229552656,0.0002468940123989871,0.0008893381843489257,-3.1615151818308265e-05,0.001744749338156032,0.001909493877699672,0.000589809630978966,0.0012287035469641123,0.0005599166978876051,-0.00023179863942756262,0.000530634562522421,-2.9301059472189478e-05,-0.0010877435869530775,-0.000632160928574552,-0.0007474633822523761,-0.000988370024915076,-0.0007595788401788153,-0.0007815137548589333,-0.00026791245704192317,0.00032436954726357514,-6.381617916596569e-05
s0469_re_71,0.015544940822601022,-0.16890704205732257,0.05103299053431591,-0.22667367580075276,0.08721307697888779,-0.26005329420501777,0.1949051904533849,-0.23167528585696742,0.30869612211330477,-0.09128369238068726,0.27713038812584917,0.06277466189386556,0.13100441609310637,0.06074587197360148,-0.04914480292046269,-0.007589955165893575,-0.20292541515808538,-0.03235994066149983,-0.15655429919702196,-0.02292832933324468,-0.008287963272654434,0.061005440999138794,0.06191850031628537,0.1030786164927715,0.0657403960899021,0.030418248198482704,0.0010817625505381671,-0.04124614894352271,-0.06696783569528567,-0.06205886228385543,-0.039544183739466554,-0.02505847268477099,0.021920618957340886,0.03481330137759791,0.04603165463178362,0.03567232411176755,0.027010355399153637,-0.0032581579620430314,-0.014395846000378633,-0.027789575660744612,-0.02923822193017143,-0.021293431088935545,-0.0075150977761652155,0.004239847285436504,0.013138785680259571,0.019549037815569936,0.014344507601687345,0.010392811720942356,0.0014202308035776766,-0.004841204821165292,-0.010098730655119834,-0.008216234381158207,-0.007721812228160391,-0.0035073196214126193,-0.00032021860612698133,0.002909581422887275,0.0033272123070490225,0.003651364279137462,0.002290625315901995,0.0021944692514381634
s0469_re_72,-0.02315436598035021,-0.08583954920649578,-0.05770915375128396,-0.09520472098136332,-0.08741904258621666,-0.032679287038665905,-0.03910343141596771,0.06575939705711405,0.10152393052847329,0.12952261889174707,0.14419888904811204,0.1330515596303241,0.021935876165930172,0.0006152887353876881,-0.08642489090656327,-0.13806621435131794,-0.10179913196814502,-0.08518760376161158,-0.03502502504201986,0.04565575885904943,0.07224806863681885,0.08347529237414454,0.08624527954753826,0.03673671793298047,-0.01128873692192185,-0.04000487728158673,-0.07013201230525226,-0.0646160715648962,-0.03177971830829099,-0.0024223968018276887,0.028604707471152645,0.04759665542263561,0.042312783987268565,0.025593506113900388,0.004770758537795965,-0.017485935863386533,-0.028907506433901695,-0.027799142244382128,-0.019475862265520092,-0.004250350423730866,0.009493895158457588,0.016405964573385,0.017899849574841066,0.012521776866186447,0.0037792005431200324,-0.0039118597752321365,-0.00898015500056443,-0.009160405101160805,-0.0061146828416639475,-0.002649876501481993,0.0012798452636050986,0.003289956306404984,0.0035949670890399917,0.0031971996033274106,0.0028249469341648545,0.0019067196490541657,0.0015538032839700954,0.0004351580687275431,1.1839402397978411e-05,-0.0010362257133725247
s0469_re_73,0.0024272368428281867,-0.04156027941066922,-0.02924749854028056,-0.10124899610544896,-0.148067210273047,-0.14555334041614457,-0.22681683125386576,-0.191206485141222,-0.17675062518856835,-0.14520241635205425,-0.0916127166524143,0.017531703790893544,0.018394674391467313,0.09174017237453516,0.12861183686380123,0.09661311072600472,0.10149092050474576,0.07920530745732113,0.020140332739039594,-0.004731532896929437,-0.029860852237195788,-0.06623486780506856,-0.06241110831254508,-0.04503925859783288,-0.036254648362394,-0.013600818310261829,0.00989989069395198,0.016370670233233697,0.022221984245839228,0.02495663795688931,0.015933660576402928,0.009295614882730216,0.004442206909905424,-0.0036130742486916796,-0.006107729397947638,-0.004196912299693778,-0.004115474910188331,-0.0024213334245043417,5.724561356701587e-05,-2.2269182126145474e-05,-0.0004202002208554289,-0.001358892671042013,-0.002351919031641986,-0.0023182088960872144,-0.0017699414821135237,-0.00046906854226180436,0.0011645371081685917,0.002018092768542261,0.002203353867980327,0.002460169873317023,0.00189923143907886,0.0009757775308608952,-5.119735015417286e-05,-0.001222695171692073,-0.0013451458991773752,-0.001027888283376893,-0.0009022194997500811,-0.00013646396299155005,6.139949240184442e-05,-0.00013715016101290654
s0469_re_74,-0.10128213024169257,0.16001854647128902,-0.22275295863085015,0.0749287183751492,-0.2941810527190611,-0.04295740143577657,-0.28916804314492833,-0.17616449281922042,-0.1912254468919417,-0.15541587906464988,-0.08919302480714203,-0.03452949044310227,0.0677266055049251,0.03855216765441044,0.1403390991395892,0.1181864464998063,0.08695718970973615,0.09009410483314981,0.05018222459805999,-0.0075911822144183,-0.02963558236942706,-0.04563789584224462,-0.07004629064752191,-0.05821889138533402,-0.035065007728050455,-0.023365017270518797,-0.0028279739918341076,0.018553377819955127,0.021689180137895326,0.021187339538518955,0.02303739485627068,0.01435484760401321,0.0045162365199193965,0.0010194319246333821,-0.003366262750853839,-0.006509229877460082,-0.004609768467859881,-0.002674333581441421,-0.002604949375314994,-0.0007613973004210852,0.0002280973513956921,-0.0015937373829706199,-0.002359952144681219,-0.0020802122655353274,-0.0021071453652034304,-0.0008338727443682322,0.000770305448039698,0.0015194585197304614,0.002827526322596149,0.0029371239655298096,0.0017603801005553704,0.0013918602616590759,0.0005771410924452309,-0.0008305737113504368,-0.0014386683031286582,-0.0015340635815478843,-0.0013923283182520868,-0.0005964194572199651,-0.0001608634709182466,-0.0002504902920370644
s0469_re_75,-0.12867357379040067,0.10714004439762033,-0.2582566181313317,0.06934635914535758,-0.24954111403907422,0.07303450003781203,-0.1256657126503655,0.09187105460142482,0.08349839592745169,0.1362576638584651,0.1652633746566674,0.13005008593694978,0.09292717049902663,-0.030291019346821296,-0.029127717789748087,-0.14941290569439664,-0.12920887906358008,-0.08836846915033356,-0.06787219418710293,0.008635620226926212,0.07301766999816751,0.0837848730220053,0.08701256429715547,0.07493530422055567,0.014151558900596628,-0.0319103210074972,-0.05456730502169109,-0.0741198877505704,-0.057541178845420454,-0.020155159513994842,0.009514034654744133,0.03683078966551561,0.05005154476684233,0.03998843246431726,0.020183097631079,-0.0005356545312180411,-0.021275780625671935,-0.03115545108834979,-0.0274815709385982,-0.01718910181978155,-0.002588330923122022,0.010969774884032894,0.01758344940689273,0.017403808350308934,0.01263517457297868,0.0038307764748414866,-0.003782405096301405,-0.00790032006155264,-0.009169931354294267,-0.007257369105219487,-0.003421681543054671,0.00010497676898047907,0.0029900533806844344,0.004309005449593837,0.004350127484575019,0.004193412836483476,0.003817479152800185,0.002049257597000618,0.0010782734304560417,-9.757237974908192e-05
s0469_re_76,-0.027337324343028963,-0.08742431207953993,-0.06447745927631851,-0.10226744802789753,-0.09386000063507789,-0.05000612142148391,-0.06166047335227237,0.0425484225699145,0.06340512183654125,0.12295854022225768,0.15389746461155035,0.15064152100782416,0.08485133996800029,0.07127791014050537,-0.04870282754481135,-0.09072149498933271,-0.1078845017925508,-0.14148247133957204,-0.08333642657263313,-0.03169318926769651,0.005604311008416724,0.07488348254782659,0.09332980171991834,0.07904787334804711,0.06823126846395598,0.018612695823175728,-0.028728118758760884,-0.05224099248670477,-0.07065162979973799,-0.060572822813987875,-0.027653022431658424,0.0012986824090027774,0.029579271355274883,0.04694342535985825,0.04284044440222596,0.03001955265514858,0.009318072971399685,-0.0140271513987128,-0.025394066222492802,-0.028818838161584155,-0.024825088477041984,-0.011860581805652153,0.0016807550016021881,0.012480376440743441,0.018063932578799687,0.01671866118993848,0.010622774890379362,0.0031158078903392402,-0.004027086217810634,-0.008125875062751926,-0.009040086659620118,-0.007159008791871281,-0.004035705747001561,-0.00048549307915377705,0.0019467951743944783,0.0036278658794031637,0.003918688404389247,0.004204813893495174,0.002746707923192931,0.0020854618536855054
s0469_re_77,-0.022355783144621118,-0.08112995978010983,-0.055738256006691224,-0.09194053364932907,-0.08520283620390613,-0.0432043244721794,-0.06065832726639079,0.040760804931559515,0.05583618875829013,0.11383188324214996,0.1433910278351832,0.14121157549916272,0.08410739802758989,0.07353439571978487,-0.04146041652311435,-0.07501964104194557,-0.09902311077525834,-0.13761384626699477,-0.08343259023763121,-0.04173763967605852,-0.004696214417887636,0.063749359357907,0.08283649623792802,0.07963170397458115,0.07511102056369187,0.026601426985664766,-0.015946934652334696,-0.04076413483494246,-0.06749380062669474,-0.06297584668540337,-0.03727158098973116,-0.010742069560265967,0.02165679528042315,0.0419195974204547,0.04276404929984642,0.03646493845548706,0.01787874232017235,-0.005843503664488291,-0.020023477278729895,-0.028710683419926206,-0.027963345560438273,-0.016897849075062733,-0.004815258982236787,0.0075619661420026005,0.01645725052487764,0.01719533694374877,0.014086150030386551,0.007959101976288132,-0.0010919633658272212,-0.0065981361559965855,-0.009356070208020689,-0.008946005306727844,-0.005626961891966245,-0.0023552619028795983,0.0008899424572228427,0.003825400947781672,0.0034249857800178526,0.003599942191393068,0.0027447649821429913,0.002119670262085929
s0469_re_78,0.0004518027761384512,-0.03756063329087912,-0.02290839841353739,-0.08550422135724178,-0.10963380450147749,-0.12071073824258399,-0.19677071736081156,-0.15974309074486165,-0.1847859739521253,-0.1627284578843275,-0.11633890955264363,-0.06189040039139599,-0.04601973815559855,0.060366027053496085,0.06083923197235903,0.08612888288278217,0.12380861190948478,0.08319519262240513,0.07803307110197681,0.0657409078872722,0.011935889747408758,-0.007287916167013626,-0.02896694146451093,-0.059669980709980114,-0.052404010245496076,-0.04635115912135725,-0.043459039720942456,-0.016978277170667515,7.607422108979334e-05,0.007026932802270221,0.020262225415354697,0.022834254189815023,0.018617406512524824,0.016436560638712086,0.009099428838203028,0.0021991156946497073,-0.0005924585293155515,-0.004699049112533884,-0.006207073068099345,-0.003705561884158423,-0.002957818524030262,-0.0011894075281811667,0.0007665883730111838,-0.0004152639096353245,-0.00021433817715177717,-0.0002774927817483061,-0.002209422989165873,-0.0024247247978850086,-0.0017526713911559853,-0.0010886629950462969,0.0005778633052086194,0.0012166790219568626,0.002116939272735416,0.0027378730033211503,0.0025714194865221604,0.0018970682613052934,0.0012575807436558562,0.00032310537841807033,2.825241877314663e-05,-0.0004200068148894143
s0469_re_79,-0.09042321517618374,0.1456733135607849,-0.19569951403144414,0.07632999635761104,-0.24978621566651915,-0.010681749414994855,-0.2723534543789593,-0.12022570247708467,-0.20960877400915,-0.16982651083446043,-0.12914192147567538,-0.09151107714023823,-0.03169025520540634,-0.004961710395087569,0.09656831112750137,0.051931639901385385,0.12139129864062737,0.11082572146179842,0.07194711828802769,0.07657217242387374,0.04259972389402477,-0.0032507468077682365,-0.014945953361357565,-0.040003866225941306,-0.06357817667155675,-0.04719722244811268,-0.043194178897618174,-0.040192611319053766,-0.01018943505787807,0.004201191217506799,0.007555337427478499,0.021674199968016002,0.02275448312134988,0.015895228807070068,0.01573043701971367,0.009825750430218294,0.0016748224464909135,-0.0001417203018377652,-0.0037406808867035987,-0.006797963357300851,-0.0034642108949206256,-0.001943642056812352,-0.002116867306785856,3.447271559551047e-05,-0.00022827587882172422,-0.0014961148185753726,-0.0009976959551122847,-0.0013837430047987421,-0.0019529024367870912,-0.001699857192491272,-0.0012870064082369946,7.208225626392003e-05,0.0021657818931008787,0.0024527347856932546,0.0026559676028985726,0.0029894721921778335,0.001958922611922728,0.0010107959584825367,0.0009906085757231653,0.00020571792285966443
s0469_re_80,-0.12071331329008204,0.10223817283511885,-0.24164300103406913,0.06548373074469016,-0.23681293222354122,0.06300070884985694,-0.1522093588353405,0.078804472671678,0.024716394967268115,0.11103779319099938,0.14656766255031137,0.1396796869995,0.12627693366552215,0.05774328032757979,0.036928066578103935,-0.09789993979690416,-0.07433669476272836,-0.13215950031019597,-0.12211774679671746,-0.05421885109642395,-0.026632990495243234,0.024731138633335852,0.08181266040723809,0.08426916961365995,0.07428033164279714,0.06421360054183267,0.012420190336441834,-0.027559063558596577,-0.046512261027095506,-0.06985769427618675,-0.05912217141347267,-0.02763243828177695,-0.00486493606987697,0.023606890054599216,0.04320322523674941,0.04161414550300245,0.03309729055788223,0.016818693031836175,-0.005829720903797346,-0.020294313904765358,-0.026535190109533535,-0.02739773295431712,-0.01777257680429045,-0.0047597521712773256,0.005105610384282751,0.014077108939620784,0.01699486563392287,0.013835372271457808,0.008552459594536127,0.0014705769892826002,-0.0054471191918471825,-0.008084230870312296,-0.009280180558233445,-0.007400283995020356,-0.003914997236978604,-0.0009848388683554542,0.0007903473279112718,0.0029382160902433957,0.00226438230598574,0.0025280115490701415
s0469_re_81,0.00025575230424522996,-0.038716554992096065,-0.030131569862670005,-0.09141378949355204,-0.13001420551416482,-0.13248091810637036,-0.2164178987401849,-0.17720177007760454,-0.20269901596481085,-0.17540162622308683,-0.12932070556069317,-0.05690461656971077,-0.04281532946616405,0.06655828654456312,0.07538369609793247,0.093289516241931,0.1359763748478866,0.09474670538743177,0.07596392395888474,0.06491588863273072,0.008131841350484987,-0.018393067475727224,-0.030953329314863817,-0.06544531234220037,-0.06270367993769745,-0.04596319167831284,-0.041541948902694796,-0.015383229674116022,0.004789587499158685,0.010586686542933646,0.022942354001415328,0.025345061794876392,0.01842353503507632,0.016227377395454653,0.00964705608180512,0.0010521542303527029,-0.0016954580122523295,-0.004496395615814575,-0.006325558795930219,-0.004022312849090238,-0.0029203419301783128,-0.002325835690188862,-8.11994298488988e-05,-0.00066513389078769,-0.0013937817909727046,-0.0011327803348374827,-0.002475973219885565,-0.002271760099640139,-0.0006722910283769562,2.622302308782571e-05,0.0017527862037376941,0.0027532754721127967,0.003043165044210065,0.0027478522637249267,0.0022784066329141414,0.0012386289599092381,0.000493467210097904,-0.0007882838368898409,-0.0003930546918159083,-0.0010700495631345926
s0469_re_82,-0.13014207650291879,0.11164313213236109,-0.25968055374422994,0.07373393963806171,-0.25298426457449036,0.07399678422705357,-0.14213709911810932,0.08504067730466659,0.061837456816290375,0.12828009231009962,0.16059036738925297,0.13983862312982986,0.11073355854578486,0.0014242053836145288,-0.0011600614243528992,-0.13785103146753167,-0.11883918707544479,-0.10684932114429765,-0.09789407695826068,-0.017219033986965254,0.04403789403840314,0.06572316435400152,0.09489633462444093,0.09014591908926602,0.0399278199883832,0.004860206687244446,-0.031980696348582686,-0.0702703208706896,-0.06736929939238351,-0.04523416920491401,-0.022445811813489105,0.015184101674524494,0.042504477299061816,0.045571616160938064,0.038994423970607484,0.021280020345548396,-0.003002650358397173,-0.020278574971397442,-0.02830068069820046,-0.028846439445085192,-0.018786915871612693,-0.003420893590087305,0.008114309945150597,0.016050731373156664,0.018513231197394484,0.013154518123423364,0.005831000863419137,-0.0005726942447662625,-0.007077912371223297,-0.009175700774113112,-0.008080259098452211,-0.0055329740622136175,-0.0010177930248529078,0.0021733241341061007,0.0031031707332746282,0.004588093575121751,0.004183411963748371,0.0031988042173786914,0.002540815646150129,0.001997312873287619
s0469_re_83,0.11450387958146162,0.19672161677855893,0.2253087219542357,0.19148509772022873,0.17218398408470628,0.20216674012521837,0.1204331117371978,0.1463453780732401,0.10294822509698733,0.07051669852607546,0.046910402337154336,0.0601713912005261,-0.015122518348578954,0.017979977416016753,0.0022944373145869393,-0.040336439777409076,-0.014122285511747311,-0.024481586181942166,-0.043984395349062205,-0.015155432491134721,-0.012590102530845394,-0.02126948968197669,0.0028576043655600936,0.00402598964741377,-0.0029825638599552703,0.009515430394210218,0.008137559430110216,0.0015229052799018423,0.0063492055798333134,0.004232624318229532,-0.0010189329732410578,0.0012118966760564789,-0.0009545377809602783,-0.003946118404704258,-0.0012126254371911552,-0.0019436176887741845,-0.0026371836637069713,4.466221550913561e-06,0.0005675911914480503,0.0012188975698304715,0.0018141997829581819,0.0007462968050482485,0.0009853748028076086,0.001413602557882934,0.00043842416785522123,0.00010007880868688449,-8.666853898024848e-05,-0.0006142455301788639,-0.0009592556575330661,-0.0010888647049366734,-0.0009473938149773322,-0.00046783118569190926,-0.00020133817784626727,0.00013772982302408926,0.0002996334935683448,0.00020041335077971924,0.0001168577851164209,0.00012918442399607218,-4.471911007518202e-05,0.00034162926209514185
s0469_re_84,0.013700033736833891,-0.17894170619834565,0.04330475036182279,-0.24150968528776814,0.0808303749476995,-0.27221473448164435,0.19505698278343922,-0.23531552400616093,0.31354055080581966,-0.07472710769054781,0.2780835096161495,0.08373398646726257,0.12886045986086864,0.06128436692482932,-0.067661794810592,-0.010546049957192292,-0.21788344320384875,-0.039878175451820055,-0.14738152818300113,-0.024245694018574918,0.005149125210435732,0.07584472173855669,0.06992937188201673,0.10324261291596652,0.0659084957416843,0.017342654225269465,-0.013218261981961832,-0.05022590648000939,-0.072321089064489,-0.0629318671264869,-0.02904545992339288,-0.013689176524435331,0.031453339854290115,0.042959348820502584,0.04749148696581935,0.02970644734984377,0.01761068489890598,-0.012041230300646464,-0.022447543047650304,-0.029245924812534033,-0.026385248826371485,-0.016082833445028588,-0.0009363484287194888,0.01053202456631546,0.015520312444104628,0.019527906023798627,0.011669952076215516,0.00532919073713151,-0.002712537252277409,-0.006310143036559544,-0.010054233002383502,-0.007304240764206601,-0.005647499914184324,-0.0016046883840786909,0.0015556968986786036,0.003465256482069929,0.003531909859180505,0.004188799006908831,0.002754363713369366,0.0023710078073275265
s0469_re_85,-0.0006693068504846988,-0.03855332032289355,-0.030483153250491994,-0.0919466981552944,-0.13252029596779716,-0.13268619130209403,-0.2196788376516297,-0.18047755132760748,-0.20329485809428688,-0.17499870464246867,-0.12614916494102918,-0.04780950538898396,-0.03418347080283059,0.0753419819005694,0.08586741121312634,0.09356046944536411,0.13650493084052207,0.09479238932265072,0.06906163973892004,0.060118244370250255,0.0004202767345094986,-0.029155027313147668,-0.03715340080199924,-0.06719192177801411,-0.06277424832063579,-0.04137418731566084,-0.035006231537553445,-0.011897612206262965,0.01085005034780937,0.015176949078346835,0.02291763236735683,0.026010345266347913,0.01828429042203955,0.013166366921146032,0.0064057389694915125,-0.001056820569335328,-0.0028375027299603474,-0.004955845972413156,-0.006474369044261633,-0.003776485905426454,-0.0023673580791694435,-0.0016992269005247137,1.2033649333794331e-05,-0.0004396256462232928,-0.0015594457330123878,-0.00204441584303314,-0.0024738892418264672,-0.0016558270417043018,-0.0001142374299940222,0.000624227609701994,0.0022944165749669955,0.003152901831075403,0.0028259009345296283,0.0021770259793919525,0.0017019059609655067,0.0006284730642764287,9.664101856341675e-05,-0.0012158846326199128,-0.0011624585599934517,-0.0014730547575585512
s0469_re_86,0.0016915742500787734,0.38542537360323204,0.015169068878493267,0.35627792129479746,0.010990483684911036,0.3048402468532558,0.04142491769821188,0.18024037889616645,0.0929058477454999,0.07700627783373719,0.06404386828863158,0.03560303107125803,0.037268523983911776,-0.031804979501143756,0.040470187697078455,-0.03646376187879416,-0.02359553451993683,-0.007461709109291621,-0.039003757904737306,-0.03249495693628434,-0.01046341061354978,-0.01899099272102909,-0.015257150607477054,0.0060091299510579834,-0.002049590103690202,-0.0014196972525826507,0.012310445821728591,0.005482297060682274,0.0009625711667864226,0.007729262920799235,0.0039636551313903656,-0.0005967054699232225,0.0018598862180504762,-0.00032610487075409244,-0.0038038224284572416,-0.0013673774720854976,-0.0013928506937783132,-0.003237766250159878,-0.0005389836954960676,0.00019471692228310614,-0.00026505963085770944,0.0020499530045588496,0.0021861016807863867,0.0006147345232385854,0.0011154954208697902,0.0010090640334467062,-0.00016099467104387864,0.0004227528901049763,0.00038035011688335814,-0.001063107580272247,-0.0008830417352280603,-0.0005807962558258136,-0.0009294940038649611,-0.0006630291819666942,-0.0003968812945590302,-0.00014975031342852603,0.00029308983217615276,0.00019779230370779992,0.00034917703315756447,8.176788401218986e-05
s0469_re_87,0.013115857014094982,-0.17698944056199276,0.04393173063038974,-0.24885259821947361,0.08469477462856373,-0.2740006565810914,0.21643556834199726,-0.22088541217655297,0.32326954561162385,-0.03260790690997434,0.2538850890261001,0.09542007447136283,0.08284185769700322,0.03374984459718503,-0.12720006777380438,-0.021440957633948182,-0.2238172854233664,-0.04474530273167095,-0.08209083461427044,0.012801256076299793,0.04234770779410647,0.10815822220500215,0.0763557245413982,0.0654412556362322,0.03309558544409471,-0.025753828454976587,-0.05970555412298399,-0.06523397749115842,-0.05318289101573509,-0.03904447377231423,0.013404722431432993,0.030212477855958205,0.04804908005098954,0.03919580656646984,0.029997486327311446,-0.002963532140660422,-0.01636373713874753,-0.02796490653658231,-0.028739410557756768,-0.019470595159193062,-0.004200493404409144,0.008016228421524427,0.01443601687818666,0.019475299823123196,0.012331120222056008,0.006091710760020654,-0.0024593654177815245,-0.006219845525881378,-0.009858363844935929,-0.0069959632026123115,-0.00436245583678118,-0.0006422238324877998,0.0024864716731660763,0.0039787954124620726,0.004067076017442676,0.0036031899171206747,0.0032579364384739355,0.002307165386512966,0.0016282336350930478,0.00026175972322735704
s0469_re_88,0.123786793803781,0.2118069209344106,0.24383692861992873,0.21107133905074352,0.17120769087233048,0.21182570525905683,0.12375071446060151,0.12130173656946916,0.09365281910964988,0.06960335466970581,0.001572659483826731,0.046582497061364615,-0.002076733064876885,-0.035531907240357236,-0.0077446849842377555,-0.029636974869611983,-0.04704145031171924,-0.01796094849349151,-0.01123550296470618,-0.02084772968146391,-0.001311147285192675,0.008850297458390432,-0.0005775027233541348,0.004380075289431249,0.010386504146782391,0.003898881684988373,0.002360738645700618,0.003602060499615531,-0.0011752026238600196,-0.0025703966512300135,-0.0009372640660265916,-0.0032189228781160715,-0.003088055271218737,-8.766732411511176e-05,0.00014312735121505126,0.0007786962568621943,0.002212258022535422,0.0014276852540699148,0.0009311670130743166,0.0013946118331253005,0.0004419974393714924,-0.0002782386637221776,-0.00022815465733246802,-0.001086711325824425,-0.0011545188349286184,-0.0005556161389105679,-0.000548563149936089,-0.0002633268466162986,0.0001283838599239202,4.23778415184276e-05,8.681018660884362e-05,0.00033132907409252015,0.00033276681458971287,0.00031061580599524904,5.386024677002594e-05,-0.0002998403555807542,-0.00036255073608457643,-0.00033249522899639735,-0.0002475299100848067,9.197771417684129e-05
s0469_re_89,0.016133838556722922,-0.19158515394387754,0.052351186341696346,-0.26588349358161323,0.10579225346049796,-0.28895817451016376,0.2572839790114285,-0.2051489680831259,0.34925143133443454,0.013743925596559048,0.22732176423798434,0.09547288615264393,0.019468728482766116,0.0029737863420136795,-0.20478134780741697,-0.03652310379762853,-0.19470405800512258,-0.03170068196478498,-0.008907876133828197,0.075427402692036,0.07611764460471855,0.11182827769606513,0.06664367320073572,0.00569136097556809,-0.0336262806044733,-0.06491304232919272,-0.07639109095423283,-0.05608808344515042,-0.0001267015312034547,0.018215336608685476,0.048910701949177515,0.04782048391439146,0.038342794316755316,0.0034905306540219446,-0.012648115297576033,-0.031798793475236946,-0.03314072839883986,-0.02125873701189369,-0.00487776096275217,0.009246252113975933,0.017622434372362192,0.021507809545794798,0.012185382646086027,0.004259822402497198,-0.0052654719020052525,-0.009494089966158978,-0.011543281575274317,-0.006586804868063478,-0.002831818629920079,0.0005743850902974241,0.0036644438508109177,0.004772623689427638,0.004268971682367227,0.002819514754532264,0.0019770870542297086,-0.0003198784357062399,-0.0013752317291596888,-0.0028352180421687655,-0.0028038512092044424,-0.0028778874907120894
s0469_re_90,-0.027029716981254264,-0.09114785831093647,-0.06933851485290574,-0.10456208740562185,-0.09709548508905853,-0.03337642915767387,-0.0403909751705942,0.07289354401820963,0.11035256077438804,0.14680337359236914,0.1560985821774031,0.138753080057301,0.02040814186468461,-0.008236644001988501,-0.0989804002500666,-0.14984484506549509,-0.10705284287461499,-0.08728697174925847,-0.02764220850502131,0.05594994942189332,0.08126056918673032,0.09233424777447877,0.08719999552637919,0.031117975568553724,-0.019286843566111125,-0.05040066264809589,-0.07748216450831177,-0.06498135588172035,-0.026795230122186577,0.006008231029455935,0.0372612628385165,0.05238305064079694,0.04145422906018284,0.022564800183337543,-0.0011642953181959597,-0.02403014264052951,-0.03191422442611506,-0.028325048784662597,-0.01732593054675546,3.710431853308965e-05,0.014081837149895375,0.019461180125173776,0.017835988155420184,0.01050023360748299,0.0014505028976813754,-0.0059987333835119965,-0.010414691900251499,-0.010336083040882595,-0.005913234893437256,-0.0016812555291887722,0.0020049456002618035,0.003947837222976078,0.004475590870957664,0.0037798953141542834,0.0034801959379138353,0.001869300243077952,0.000969259208678722,-0.0010505115560622649,-0.0012572335871110698,-0.002467862079799902
s0469_re_91,0.0006295450935045466,-0.04204085394411156,-0.028466861727502322,-0.09384050442562458,-0.13354833293826796,-0.13064468358290016,-0.21519219201304376,-0.17494254116313482,-0.1834703687780477,-0.15470512223380556,-0.1023514377260984,-0.015528798627852752,-0.008002066941429332,0.08633535976776315,0.10645189969328332,0.08960940101933805,0.117760326999979,0.08688461290914612,0.04094021750481792,0.028105461229177463,-0.014817257563733692,-0.052997563068648036,-0.05084024320921693,-0.057438048402353295,-0.05390779840085698,-0.026014408676923576,-0.008326094411202446,0.004403426713170715,0.020253886414023918,0.02312901408731493,0.01980697233635214,0.019059339119461907,0.01090467108862723,0.0018589207790770008,-0.0013012655735504797,-0.005430522332495973,-0.00653961539450808,-0.003397771837314317,-0.00276766105017342,-0.001397844960393756,0.001106879090272603,0.0005741696150032324,-0.0005882208879190916,-0.0012797195271815323,-0.00272608775376859,-0.0026378900280347242,-0.001295365402651279,-0.00031225695670945424,0.001000825643238717,0.002161803888908963,0.002489025887543474,0.0020874786668819063,0.0019362178346298308,0.0010441100019164917,-0.00011026788909402516,-0.0008048833026236841,-0.0010647893361902638,-0.0012503764915644954,-0.000979275260179897,-0.0006161586337855222
s0469_re_92,-0.11929645894173692,0.10644993652721499,-0.23802270080667592,0.07123806034696206,-0.2303455696046967,0.07776018072530472,-0.10862799388967456,0.09570572595481118,0.08266204031342757,0.129615560286641,0.14896170482149995,0.11192671139079186,0.07321293456505239,-0.04733527413518139,-0.03752175622772526,-0.14114737314691864,-0.12102650601111409,-0.07145549734590252,-0.04408090358833653,0.02121150087671989,0.07692272630622983,0.0846468798493385,0.07489077040977515,0.0550597245753628,-0.0002056944780074274,-0.04326071220404294,-0.056926514842842404,-0.06475343479498112,-0.04635976575095405,-0.0059480270618253546,0.0226298116317756,0.03921618306574222,0.04635032311531522,0.03229831918743015,0.008250884045470317,-0.01042809770951498,-0.025410034202591546,-0.03024432966608367,-0.02172141390862001,-0.008588033359912796,0.00463967345447305,0.015182407798589544,0.01822438623770676,0.01339239041224758,0.006820202704484082,-0.0010019112275244718,-0.007672756821138109,-0.008602655653933616,-0.007197663582866929,-0.004520620115576816,-0.00010793120200741758,0.002403473005620472,0.0035816311214961756,0.003945501386642792,0.0030239362836426468,0.001978909985740918,0.0020275827361177366,0.0008807581663810869,0.00014989636163485049,-0.0004386828592315263
